Timestamp,User Count,Type,Name,Requests/s,Failures/s,25%,50%,75%,80%,90%,95%,98%,99%,99.9%,99.99%,100%,Total Request Count,Total Failure Count,Total Median Response Time,Total Average Response Time,Total Min Response Time,Total Max Response Time,Total Average Content Size
1708555756,0,,Aggregated,0.000000,0.000000,N/A,N/A,N/A,N/A,N/A,N/A,N/A,N/A,N/A,N/A,N/A,0,0,0,0.0,0,0,0
1708555757,1,,Aggregated,0.000000,0.000000,3,44,46,47,48,52,52,52,52,52,52,17,0,44,28.4182625293718,1.6731490031816065,51.923360995715484,2695.294117647059
1708555758,2,,Aggregated,0.000000,0.000000,3,44,46,46,47,50,52,52,52,52,52,51,0,44,28.00909333432084,1.5431480132974684,51.9914320029784,2695.294117647059
1708555759,3,,Aggregated,17.000000,0.000000,3,44,46,46,48,50,52,52,52,52,52,82,0,44,27.429693548694516,1.5346190048148856,52.008498008945026,2704.7073170731705
1708555760,4,,Aggregated,20.500000,0.000000,3,44,46,46,48,50,52,52,52,52,52,128,0,44,27.69261435116732,0.9673219901742414,52.06182799884118,2670.5234375
1708555761,4,,Aggregated,23.333333,0.000000,3,44,46,46,48,50,52,52,52,52,52,188,0,44,27.74222565928172,0.9673219901742414,52.06182799884118,2643.994680851064
1708555762,4,,Aggregated,30.750000,0.000000,3,44,46,46,48,50,52,52,52,52,52,216,0,44,27.035292606039246,0.9673219901742414,52.06182799884118,2706.0416666666665
1708555763,4,,Aggregated,31.600000,0.000000,2,44,46,46,48,50,51,52,52,52,52,259,0,44,27.441511918726814,0.9673219901742414,52.06182799884118,2684.9498069498068
1708555764,4,,Aggregated,32.833333,0.000000,2,44,46,46,48,48,51,52,52,52,52,315,0,44,27.788387498188218,0.9673219901742414,52.06182799884118,2631.9968253968254
1708555765,4,,Aggregated,36.000000,0.000000,2,44,46,46,48,50,51,52,52,52,52,356,0,44,27.450495064391013,0.9673219901742414,52.06182799884118,2685.067415730337
1708555766,4,,Aggregated,37.000000,0.000000,2,44,46,46,48,49,51,52,52,52,52,386,0,44,27.70612092985448,0.9673219901742414,52.06182799884118,2661.0
1708555767,4,,Aggregated,36.111111,0.000000,3,44,46,46,48,49,51,52,52,52,52,441,0,44,27.923430768546464,0.9673219901742414,52.16006899718195,2632.201814058957
1708555768,4,,Aggregated,37.800000,0.000000,3,44,46,46,48,49,51,52,52,52,52,487,0,44,27.597596796441753,0.9673219901742414,52.16006899718195,2672.3737166324436
1708555769,4,,Aggregated,41.100000,0.000000,3,44,46,46,48,49,51,52,52,52,52,523,0,44,27.777144890644742,0.9673219901742414,52.16006899718195,2651.4416826003826
1708555770,4,,Aggregated,42.000000,0.000000,3,44,46,46,48,49,51,52,52,52,52,567,0,44,27.931443945046045,0.9673219901742414,52.16006899718195,2632.31569664903
1708555771,4,,Aggregated,43.400000,0.000000,3,44,46,46,48,49,51,52,52,52,52,615,0,44,27.701970874554313,0.9673219901742414,52.16006899718195,2655.5967479674796
1708555772,4,,Aggregated,43.500000,0.000000,3,44,46,46,48,48,50,52,52,52,52,653,0,44,27.795844617009855,0.9673219901742414,52.16006899718195,2635.5696784073507
1708555773,4,,Aggregated,43.400000,0.000000,3,44,46,46,48,48,50,52,52,52,52,703,0,44,27.822354736766556,0.9673219901742414,52.16006899718195,2634.3869132290183
1708555774,4,,Aggregated,44.100000,0.000000,3,44,46,46,48,48,50,52,52,52,52,747,0,44,27.704449227516736,0.9673219901742414,52.16006899718195,2647.5006693440428
1708555775,4,,Aggregated,43.500000,0.000000,3,44,46,46,48,48,50,52,52,52,52,781,0,44,27.741145308472476,0.9673219901742414,52.16006899718195,2641.7362355953906
1708555776,4,,Aggregated,42.300000,0.000000,3,44,46,46,48,48,50,52,52,52,52,831,0,44,27.85061248611753,0.9673219901742414,52.16006899718195,2628.601684717208
1708555777,4,,Aggregated,44.300000,0.000000,3,44,46,46,48,48,51,52,52,52,52,886,0,44,27.678547005545408,0.9386349993292242,52.436985992244445,2649.7336343115126
1708555778,4,,Aggregated,44.500000,0.000000,3,44,46,46,48,48,51,52,52,52,52,908,0,44,27.774250584685024,0.9386349993292242,52.436985992244445,2637.88986784141
1708555779,4,,Aggregated,41.800000,0.000000,3,44,46,46,48,48,51,52,52,52,52,957,0,44,27.80299773753004,0.9386349993292242,52.436985992244445,2629.1431556948796
1708555780,4,,Aggregated,43.300000,0.000000,3,44,46,46,48,48,51,52,52,56,56,1018,0,44,27.77142016586371,0.9386349993292242,56.04639800731093,2633.78094302554
1708555781,4,,Aggregated,45.200000,0.000000,3,44,46,46,48,48,51,52,52,56,56,1047,0,44,27.696244366584416,0.9386349993292242,56.04639800731093,2640.9446036294175
1708555782,4,,Aggregated,45.200000,0.000000,3,44,46,46,48,48,51,52,52,56,56,1083,0,44,27.795593234368457,0.9386349993292242,56.04639800731093,2629.5586334256695
1708555783,4,,Aggregated,42.800000,0.000000,2,44,46,46,48,48,51,52,52,56,56,1145,0,44,27.768525068890142,0.9386349993292242,56.04639800731093,2631.3650655021834
1708555784,4,,Aggregated,44.500000,0.000000,2,44,46,46,48,48,51,52,52,56,56,1180,0,44,27.711848138068937,0.9386349993292242,56.04639800731093,2634.371186440678
1708555785,4,,Aggregated,43.400000,0.000000,2,44,46,46,48,48,51,52,52,56,56,1219,0,44,27.752083353488153,0.9386349993292242,56.04639800731093,2631.0607054963084
1708555786,4,,Aggregated,43.700000,0.000000,3,44,46,46,48,48,51,52,52,56,56,1272,0,44,27.787842795512905,0.9386349993292242,56.04639800731093,2630.0275157232704
1708555787,4,,Aggregated,44.100000,0.000000,3,44,46,46,48,48,51,52,52,56,56,1311,0,44,27.68613054757573,0.9386349993292242,56.04639800731093,2640.8489702517163
1708555788,4,,Aggregated,42.800000,0.000000,3,44,46,46,48,48,51,52,52,56,56,1352,0,44,27.71097000208876,0.9386349993292242,56.04639800731093,2633.373520710059
1708555789,4,,Aggregated,44.300000,0.000000,3,44,46,46,48,48,51,52,52,56,56,1408,0,44,27.739337080168465,0.9386349993292242,56.04639800731093,2631.2826704545455
1708555790,4,,Aggregated,44.900000,0.000000,2,44,46,46,48,48,51,52,52,56,56,1442,0,44,27.653757187863764,0.9386349993292242,56.04639800731093,2639.5575589459086
1708555791,4,,Aggregated,42.600000,0.000000,3,44,46,46,48,48,51,52,52,56,56,1480,0,44,27.6949842715407,0.9386349993292242,56.04639800731093,2637.5425675675674
1708555792,4,,Aggregated,43.100000,0.000000,3,44,46,46,48,48,51,52,52,56,56,1536,0,44,27.75448024402749,0.9386349993292242,56.04639800731093,2628.4114583333335
1708555793,4,,Aggregated,45.300000,0.000000,3,44,46,46,48,48,51,52,52,56,56,1582,0,44,27.64202680075934,0.9386349993292242,56.04639800731093,2640.4785082174462
1708555794,4,,Aggregated,43.600000,0.000000,3,44,46,46,48,48,51,52,52,56,56,1607,0,44,27.704086295437264,0.9386349993292242,56.04639800731093,2635.5364032358434
1708555795,4,,Aggregated,42.500000,0.000000,3,44,46,46,48,48,50,52,52,56,56,1662,0,44,27.746915081093185,0.9386349993292242,56.04639800731093,2628.737665463297
1708555796,4,,Aggregated,44.300000,0.000000,3,44,46,46,48,48,51,52,52,56,56,1715,0,44,27.674149822612748,0.8875459898263216,56.04639800731093,2636.9667638483966
1708555797,4,,Aggregated,44.400000,0.000000,3,44,46,46,48,48,51,52,52,56,56,1745,0,44,27.6805420113123,0.8875459898263216,56.04639800731093,2634.264756446991
1708555798,4,,Aggregated,43.000000,0.000000,3,44,46,46,48,48,51,52,52,56,56,1788,0,44,27.738524653097343,0.8875459898263216,56.04639800731093,2629.0178970917227
1708555799,4,,Aggregated,43.600000,0.000000,3,44,46,46,48,48,50,52,52,56,56,1845,0,44,27.6782678459458,0.8875459898263216,56.04639800731093,2636.667750677507
1708555800,4,,Aggregated,44.000000,0.000000,3,44,46,46,48,48,50,52,52,56,56,1876,0,44,27.70152321630767,0.8875459898263216,56.04639800731093,2633.067697228145
1708555801,4,,Aggregated,43.100000,0.000000,3,44,46,46,48,48,50,52,52,56,56,1924,0,44,27.730841892312476,0.8875459898263216,56.04639800731093,2630.007796257796
1708555802,4,,Aggregated,44.100000,0.000000,3,44,46,46,48,48,50,52,52,56,56,1973,0,44,27.71484738256989,0.8875459898263216,56.04639800731093,2633.888494678155
1708555803,4,,Aggregated,43.800000,0.000000,3,44,46,46,48,48,50,52,52,56,56,2002,0,44,27.72697692245736,0.8875459898263216,56.04639800731093,2633.0454545454545
1708555804,4,,Aggregated,42.300000,0.000000,3,44,46,46,48,48,50,52,52,56,56,2052,0,44,27.761565776223616,0.8875459898263216,56.04639800731093,2627.9381091617934
1708555805,4,,Aggregated,44.300000,0.000000,3,44,46,46,48,48,50,52,52,56,56,2110,0,44,27.732132961530784,0.8875459898263216,56.04639800731093,2633.5203791469194
1708555806,4,,Aggregated,44.500000,0.000000,3,44,46,46,48,48,50,52,52,56,56,2134,0,44,27.715149685947935,0.8875459898263216,56.04639800731093,2635.4400187441424
1708555807,4,,Aggregated,41.900000,0.000000,3,44,46,46,48,48,50,52,52,56,56,2178,0,44,27.783775331900245,0.8875459898263216,56.04639800731093,2628.214416896235
1708555808,4,,Aggregated,43.400000,0.000000,3,44,46,46,48,48,50,52,52,56,56,2240,0,44,27.77540827314624,0.8875459898263216,56.04639800731093,2629.175
1708555809,4,,Aggregated,45.200000,0.000000,3,44,46,46,48,48,50,52,52,56,56,2272,0,44,27.70498839387509,0.8875459898263216,56.04639800731093,2638.580545774648
1708555810,4,,Aggregated,45.200000,0.000000,3,44,46,46,48,48,50,52,52,56,56,2304,0,44,27.78061639925353,0.8875459898263216,56.04639800731093,2628.460503472222
1708555811,4,,Aggregated,42.800000,0.000000,3,44,46,46,48,48,50,52,53,56,56,2367,0,44,27.79616219936917,0.8875459898263216,56.04874300479423,2628.5737220109845
1708555812,4,,Aggregated,44.600000,0.000000,3,44,46,46,48,48,50,52,53,56,56,2406,0,44,27.746960155833577,0.8875459898263216,56.04874300479423,2634.493765586035
1708555813,4,,Aggregated,43.200000,0.000000,3,44,46,46,48,49,50,52,53,56,56,2440,0,44,27.772310413495344,0.8875459898263216,56.04874300479423,2632.739344262295
1708555814,4,,Aggregated,43.300000,0.000000,3,44,46,46,48,49,50,52,53,56,56,2493,0,44,27.80037530522839,0.8875459898263216,56.04874300479423,2628.7829923786603
1708555815,4,,Aggregated,44.100000,0.000000,3,44,46,46,48,49,50,52,53,56,56,2537,0,44,27.742196191939016,0.8875459898263216,56.04874300479423,2634.0878990934175
1708555816,4,,Aggregated,43.000000,0.000000,3,44,46,46,48,48,50,52,53,56,56,2570,0,44,27.779915442382002,0.8875459898263216,56.04874300479423,2629.6299610894944
1708555817,4,,Aggregated,43.800000,0.000000,3,44,46,46,48,48,50,52,53,56,56,2628,0,44,27.77513042994675,0.8875459898263216,56.04874300479423,2630.433409436834
1708555818,4,,Aggregated,44.400000,0.000000,3,44,46,46,48,48,50,52,53,56,56,2666,0,44,27.740665692009,0.8875459898263216,56.04874300479423,2635.380720180045
1708555819,4,,Aggregated,42.900000,0.000000,3,44,46,46,48,48,50,52,53,56,56,2699,0,44,27.773436536080705,0.8875459898263216,56.04874300479423,2630.679510929974
1708555820,4,,Aggregated,43.100000,0.000000,3,44,46,46,48,48,50,52,53,56,56,2757,0,44,27.801082878813382,0.8875459898263216,56.04874300479423,2628.0018135654695
1708555821,4,,Aggregated,45.300000,0.000000,3,44,46,46,48,48,50,52,53,56,56,2806,0,44,27.73865574514017,0.8875459898263216,56.04874300479423,2635.784034212402
1708555822,4,,Aggregated,43.200000,0.000000,3,44,46,46,48,48,50,52,53,56,56,2827,0,44,27.769123981192667,0.8875459898263216,56.04874300479423,2632.984082065794
1708555823,4,,Aggregated,42.200000,0.000000,3,44,46,46,48,48,50,52,53,56,56,2883,0,44,27.79741731625838,0.8875459898263216,56.04874300479423,2628.2077696843567
1708555824,4,,Aggregated,44.500000,0.000000,3,44,46,46,48,48,50,52,53,56,56,2938,0,44,27.763813889306363,0.8875459898263216,56.04874300479423,2631.2607215793055
1708555825,4,,Aggregated,44.500000,0.000000,3,44,46,46,48,48,50,52,53,56,56,2962,0,44,27.74962499216347,0.8875459898263216,56.04874300479423,2634.263673193788
1708555826,4,,Aggregated,42.200000,0.000000,3,44,46,46,48,48,50,51,52,56,56,3009,0,44,27.798108410343,0.8875459898263216,56.04874300479423,2628.396477234962
1708555827,4,,Aggregated,43.600000,0.000000,3,44,46,46,48,48,50,52,52,56,56,3067,0,44,27.764219036725695,0.8875459898263216,56.04874300479423,2632.1535702641017
1708555828,4,,Aggregated,44.500000,0.000000,3,44,46,46,48,48,50,52,52,56,56,3094,0,44,27.77709020447501,0.8875459898263216,56.04874300479423,2630.041047188106
1708555829,4,,Aggregated,42.500000,0.000000,3,44,46,46,48,48,50,51,52,56,56,3143,0,44,27.777606828375546,0.8875459898263216,56.04874300479423,2630.628698695514
1708555830,4,,Aggregated,43.600000,0.000000,3,44,46,46,48,48,50,51,52,56,56,3196,0,44,27.781087409756868,0.8875459898263216,56.04874300479423,2630.058197747184
1708555831,4,,Aggregated,43.900000,0.000000,3,44,46,46,48,48,50,51,52,56,56,3226,0,44,27.74763390439207,0.8875459898263216,56.04874300479423,2631.659950402976
1708555832,4,,Aggregated,42.600000,0.000000,3,44,46,46,48,48,50,52,52,56,56,3273,0,44,27.78826525712445,0.8875459898263216,56.04874300479423,2627.7696303085854
1708555833,4,,Aggregated,44.500000,0.000000,3,44,46,46,48,48,50,51,52,56,56,3332,0,44,27.759735881914878,0.8875459898263216,56.04874300479423,2630.7469987995196
1708555834,4,,Aggregated,44.200000,0.000000,3,44,46,46,48,48,50,51,52,56,56,3358,0,44,27.718154026655,0.8875459898263216,56.04874300479423,2636.6155449672424
1708555835,4,,Aggregated,44.200000,0.000000,3,44,46,46,48,48,50,51,52,56,56,3399,0,44,27.772849729174464,0.8875459898263216,56.04874300479423,2627.952927331568
1708555836,4,,Aggregated,44.000000,0.000000,3,44,46,46,48,48,50,52,52,56,56,3462,0,44,27.768417753754587,0.8875459898263216,56.04874300479423,2628.039572501444
1708555837,4,,Aggregated,45.300000,0.000000,3,44,46,46,48,48,50,52,52,56,56,3500,0,44,27.691572277291147,0.8875459898263216,56.04874300479423,2635.924
1708555838,4,,Aggregated,45.300000,0.000000,3,44,46,46,48,48,50,51,52,56,56,3525,0,44,27.76570060894765,0.8875459898263216,56.04874300479423,2628.1231205673757
1708555839,4,,Aggregated,43.100000,0.000000,3,44,46,46,48,48,50,52,52,56,56,3588,0,44,27.761703649254112,0.8875459898263216,56.04874300479423,2628.203734671126
1708555840,4,,Aggregated,45.100000,0.000000,3,44,46,46,48,48,50,52,52,56,56,3635,0,44,27.716443980325007,0.8875459898263216,56.04874300479423,2632.7108665749656
1708555841,4,,Aggregated,43.800000,0.000000,3,44,46,46,48,48,50,52,52,56,56,3659,0,44,27.735835887532204,0.8875459898263216,56.04874300479423,2630.0505602623666
1708555842,4,,Aggregated,42.800000,0.000000,3,44,46,46,48,48,50,51,52,56,56,3714,0,44,27.74589744170479,0.8875459898263216,56.04874300479423,2628.35675821217
1708555843,4,,Aggregated,44.100000,0.000000,3,44,46,46,48,48,50,52,52,56,56,3767,0,44,27.711151730407675,0.8875459898263216,56.04874300479423,2632.108574462437
1708555844,4,,Aggregated,44.100000,0.000000,3,44,46,46,48,48,50,52,52,56,56,3794,0,44,27.72671163743472,0.8875459898263216,56.04874300479423,2629.5843437005797
1708555845,4,,Aggregated,43.700000,0.000000,3,44,46,46,48,48,50,52,52,56,56,3848,0,44,27.731804080425803,0.8875459898263216,56.04874300479423,2630.181392931393
1708555846,4,,Aggregated,44.300000,0.000000,2,44,46,46,48,48,50,52,52,56,56,3895,0,44,27.73078900986962,0.8875459898263216,56.04874300479423,2630.798459563543
1708555847,4,,Aggregated,43.300000,0.000000,2,44,46,46,48,48,50,52,52,56,56,3922,0,44,27.730367549593176,0.8875459898263216,56.04874300479423,2631.281234064253
1708555848,4,,Aggregated,42.600000,0.000000,3,44,46,46,48,48,50,52,52,56,56,3978,0,44,27.753138885754133,0.8840980008244514,56.04874300479423,2627.843640020111
1708555849,4,,Aggregated,45.300000,0.000000,2,44,46,46,48,48,50,52,52,56,56,4033,0,44,27.717176496540294,0.8840980008244514,56.04874300479423,2632.510786015373
1708555850,4,,Aggregated,43.700000,0.000000,2,44,46,46,48,48,50,52,52,56,56,4049,0,44,27.733376307616286,0.8840980008244514,56.04874300479423,2630.68140281551
1708555851,4,,Aggregated,41.400000,0.000000,2,44,46,46,48,48,50,52,52,56,56,4104,0,44,27.750630555186817,0.8840980008244514,56.04874300479423,2627.9931773879143
1708555852,4,,Aggregated,45.100000,0.000000,2,44,46,46,48,48,50,52,52,56,56,4165,0,44,27.740524161953896,0.8840980008244514,56.04874300479423,2629.1435774309725
1708555853,4,,Aggregated,45.000000,0.000000,2,44,46,46,48,48,50,52,52,56,56,4187,0,44,27.701134482097345,0.8840980008244514,56.04874300479423,2632.723907332219
1708555854,4,,Aggregated,41.300000,0.000000,2,44,46,46,48,48,50,52,52,56,56,4230,0,44,27.75627463180767,0.8840980008244514,56.04874300479423,2628.133806146572
1708555855,4,,Aggregated,43.700000,0.000000,2,44,46,46,48,48,50,52,52,56,56,4292,0,44,27.75949569932846,0.8840980008244514,56.04874300479423,2628.6363000931965
1708555856,4,,Aggregated,45.000000,0.000000,2,44,46,46,48,48,50,52,52,56,56,4318,0,44,27.73997656103208,0.8840980008244514,56.04874300479423,2629.884437239463
1708555857,4,,Aggregated,42.300000,0.000000,2,44,46,46,48,48,50,52,52,56,56,4364,0,44,27.745973959339587,0.8840980008244514,56.04874300479423,2629.749541704858
1708555858,4,,Aggregated,43.700000,0.000000,2,44,46,46,48,48,50,52,52,56,56,4419,0,44,27.76662691777182,0.8840980008244514,56.04874300479423,2628.329712604662
1708555859,4,,Aggregated,44.100000,0.000000,2,44,46,46,48,48,50,52,52,56,56,4453,0,44,27.72968715463917,0.8840980008244514,56.04874300479423,2631.7004266786435
1708555860,4,,Aggregated,42.600000,0.000000,2,44,46,46,48,48,50,52,52,56,56,4494,0,44,27.769785814334533,0.8840980008244514,56.04874300479423,2627.692701379617
1708555861,4,,Aggregated,44.500000,0.000000,2,44,46,46,48,48,50,52,52,56,56,4551,0,44,27.74942296233565,0.8840980008244514,56.04874300479423,2629.5789936277743
1708555862,4,,Aggregated,44.100000,0.000000,2,44,46,46,48,48,50,52,52,56,56,4587,0,44,27.717255954563672,0.8840980008244514,56.04874300479423,2634.4364508393287
1708555863,4,,Aggregated,41.900000,0.000000,2,44,46,46,48,48,50,52,52,56,56,4620,0,44,27.759354114203006,0.8840980008244514,56.04874300479423,2627.829653679654
1708555864,4,,Aggregated,44.100000,0.000000,2,44,46,46,48,48,50,52,52,56,56,4683,0,44,27.756349728282636,0.8840980008244514,56.04874300479423,2627.895366218236
1708555865,4,,Aggregated,45.200000,0.000000,2,44,46,46,48,48,50,51,52,56,56,4723,0,44,27.70646161348833,0.8840980008244514,56.04874300479423,2633.6741477874234
1708555866,4,,Aggregated,45.200000,0.000000,2,44,46,46,48,48,50,51,52,56,56,4746,0,44,27.754432486407833,0.8840980008244514,56.04874300479423,2627.9593341761483
1708555867,4,,Aggregated,42.800000,0.000000,2,44,46,46,48,48,50,51,52,56,56,4809,0,44,27.752889487732983,0.8840980008244514,56.04874300479423,2628.021626117696
1708555868,4,,Aggregated,45.200000,0.000000,2,44,46,46,48,48,50,52,52,56,56,4862,0,44,27.721939039810632,0.8840980008244514,56.04874300479423,2630.8737145207733
1708555869,4,,Aggregated,43.900000,0.000000,2,44,46,46,48,48,50,52,52,56,56,4883,0,44,27.71751550267687,0.8840980008244514,56.04874300479423,2630.6745852959248
1708555870,4,,Aggregated,42.300000,0.000000,2,44,46,46,48,48,50,51,52,56,56,4935,0,44,27.744282696355658,0.8840980008244514,56.04874300479423,2628.141438703141
1708555871,4,,Aggregated,44.200000,0.000000,2,44,46,46,48,48,50,51,52,56,56,4992,0,44,27.72197644320001,0.8840980008244514,56.04874300479423,2630.978766025641
1708555872,4,,Aggregated,44.300000,0.000000,2,44,46,46,48,48,50,51,52,56,56,5017,0,44,27.723630787809597,0.8840980008244514,56.04874300479423,2630.3217061989235
1708555873,4,,Aggregated,43.100000,0.000000,2,44,46,46,48,48,50,51,52,56,56,5067,0,44,27.73102355684369,0.8840980008244514,56.04874300479423,2629.2684033945134
1708555874,4,,Aggregated,44.100000,0.000000,2,44,46,46,48,48,50,51,52,56,56,5121,0,44,27.729273241861705,0.8840980008244514,56.04874300479423,2629.5526264401483
1708555875,4,,Aggregated,43.700000,0.000000,2,44,46,46,48,48,50,52,52,56,56,5144,0,44,27.728283085646694,0.8840980008244514,56.04874300479423,2629.8732503888023
1708555876,4,,Aggregated,42.700000,0.000000,2,44,46,46,48,48,50,52,52,56,56,5199,0,44,27.744170297089155,0.8840980008244514,56.04874300479423,2627.759761492595
1708555877,4,,Aggregated,45.100000,0.000000,2,44,46,46,48,48,50,51,52,56,56,5255,0,44,27.724289686888053,0.8840980008244514,56.04874300479423,2629.7480494766887
1708555878,4,,Aggregated,43.800000,0.000000,2,44,46,46,48,48,50,51,52,56,56,5274,0,44,27.71720071075607,0.8840980008244514,56.04874300479423,2630.2910504361016
1708555879,4,,Aggregated,41.200000,0.000000,2,44,46,46,48,48,50,51,52,56,56,5325,0,44,27.74086200141079,0.8840980008244514,56.04874300479423,2627.876995305164
1708555880,4,,Aggregated,45.100000,0.000000,2,44,46,46,48,48,50,51,52,56,56,5388,0,44,27.74318108325274,0.8840980008244514,56.04874300479423,2627.9335560504824
1708555881,4,,Aggregated,45.100000,0.000000,2,44,46,46,48,48,50,51,52,56,56,5415,0,44,27.696643736023074,0.8840980008244514,56.04874300479423,2632.3431209602954
1708555882,4,,Aggregated,45.100000,0.000000,2,44,46,46,48,48,50,51,52,56,56,5451,0,44,27.739155227224117,0.8840980008244514,56.04874300479423,2627.988809392772
1708555883,4,,Aggregated,43.700000,0.000000,2,44,46,46,48,48,50,51,52,56,56,5514,0,44,27.73494195877272,0.8840980008244514,56.04874300479423,2628.042800145085
1708555884,4,,Aggregated,45.300000,0.000000,2,44,46,46,48,48,50,51,52,56,56,5554,0,44,27.69264093440064,0.8840980008244514,56.04874300479423,2633.8689232985234
1708555885,4,,Aggregated,42.800000,0.000000,2,44,46,46,48,48,50,51,52,56,56,5583,0,44,27.725915594603038,0.8840980008244514,56.04874300479423,2629.01522478954
1708555886,4,,Aggregated,43.400000,0.000000,2,44,46,46,48,48,50,51,52,56,56,5640,0,44,27.738627603483767,0.8840980008244514,56.04874300479423,2628.1471631205673
1708555887,4,,Aggregated,44.300000,0.000000,2,44,46,46,48,48,50,51,52,56,56,5684,0,44,27.703643291811073,0.8840980008244514,56.04874300479423,2632.4018296973964
1708555888,4,,Aggregated,43.300000,0.000000,2,44,46,46,48,48,50,51,52,56,56,5715,0,44,27.74202197421752,0.8840980008244514,56.04874300479423,2627.64864391951
1708555889,4,,Aggregated,44.200000,0.000000,2,44,46,46,48,48,50,51,52,56,56,5769,0,44,27.736930469694666,0.8840980008244514,56.04874300479423,2628.7105217542035
1708555890,4,,Aggregated,44.100000,0.000000,2,44,46,46,48,48,50,51,52,56,56,5815,0,44,27.714440970709536,0.8840980008244514,56.04874300479423,2630.5098882201205
1708555891,4,,Aggregated,42.500000,0.000000,2,44,46,46,48,48,50,51,52,56,56,5841,0,44,27.741488054385215,0.8840980008244514,56.04874300479423,2627.757918164698
1708555892,4,,Aggregated,43.700000,0.000000,2,44,46,46,48,48,50,51,52,56,56,5904,0,44,27.740016425418112,0.8840980008244514,56.04874300479423,2627.8108062330625
1708555893,4,,Aggregated,45.000000,0.000000,2,44,46,46,48,48,50,51,52,56,56,5951,0,44,27.714619491455764,0.8840980008244514,56.04874300479423,2631.5977146698033
1708555894,4,,Aggregated,43.000000,0.000000,2,44,46,46,48,48,50,51,52,56,56,5969,0,44,27.73066303696571,0.8840980008244514,56.04874300479423,2628.7128497235717
1708555895,4,,Aggregated,42.000000,0.000000,2,44,46,46,48,48,50,51,52,56,56,6030,0,44,27.740006826647228,0.8840980008244514,56.04874300479423,2627.9132669983414
1708555896,4,,Aggregated,45.300000,0.000000,2,44,46,46,48,48,50,52,52,56,56,6088,0,44,27.7305831491103,0.8840980008244514,56.04874300479423,2629.8572601839683
1708555897,4,,Aggregated,44.200000,0.000000,2,44,46,46,48,48,50,52,52,56,56,6098,0,44,27.733413808753614,0.8840980008244514,56.04874300479423,2629.233847163004
1708555898,4,,Aggregated,41.300000,0.000000,2,44,46,46,48,48,50,52,52,56,56,6156,0,44,27.748825740048407,0.8840980008244514,56.04874300479423,2628.011533463288
1708555899,4,,Aggregated,44.400000,0.000000,2,44,46,46,48,48,50,51,52,56,56,6217,0,44,27.742204393881543,0.8840980008244514,56.04874300479423,2628.782049219881
1708555900,4,,Aggregated,44.800000,0.000000,2,44,46,46,48,48,50,51,52,56,56,6234,0,44,27.7431849600167,0.8840980008244514,56.04874300479423,2627.948989412897
1708555901,4,,Aggregated,41.900000,0.000000,2,44,46,46,48,48,50,52,52,56,56,6285,0,44,27.752239333765115,0.8840980008244514,56.04874300479423,2628.5314240254575
1708555902,4,,Aggregated,44.100000,0.000000,2,44,46,46,48,48,50,52,52,56,56,6345,0,44,27.764088112012434,0.8840980008244514,56.04874300479423,2628.1516154452324
1708555903,4,,Aggregated,44.100000,0.000000,2,44,46,46,48,48,50,52,52,56,56,6368,0,44,27.73427466185075,0.8840980008244514,56.04874300479423,2630.9734610552764
1708555904,4,,Aggregated,41.500000,0.000000,2,44,46,46,48,48,50,51,52,56,56,6420,0,44,27.76204521504954,0.8840980008244514,56.04874300479423,2627.707788161994
1708555905,4,,Aggregated,44.900000,0.000000,2,44,46,46,48,48,50,51,52,56,56,6474,0,44,27.7554311732439,0.8840980008244514,56.04874300479423,2628.6535372258263
1708555906,4,,Aggregated,44.100000,0.000000,2,44,46,46,48,48,50,52,52,56,56,6502,0,44,27.721888130508496,0.8840980008244514,56.04874300479423,2633.1554906182714
1708555907,4,,Aggregated,40.700000,0.000000,2,44,46,46,48,48,50,52,52,56,56,6546,0,44,27.76305557830193,0.8840980008244514,56.04874300479423,2627.804155209288
1708555908,4,,Aggregated,45.300000,0.000000,2,44,46,46,48,48,50,52,52,56,56,6609,0,44,27.76242773833084,0.8840980008244514,56.04874300479423,2627.8509608110153
1708555909,4,,Aggregated,44.900000,0.000000,2,44,46,46,48,48,50,52,52,56,56,6636,0,44,27.72297843349385,0.8840980008244514,56.04874300479423,2633.3098251959013
1708555910,4,,Aggregated,44.900000,0.000000,2,44,46,46,48,48,50,52,52,56,56,6672,0,44,27.761510228960567,0.8840980008244514,56.04874300479423,2627.896882494005
1708555911,4,,Aggregated,44.200000,0.000000,2,44,46,46,48,48,50,52,52,56,56,6735,0,44,27.756882718578083,0.8501429983880371,56.04874300479423,2627.941945063103
1708555912,4,,Aggregated,45.300000,0.000000,2,44,46,46,48,48,50,52,52,56,56,6777,0,44,27.71991332294969,0.8501429983880371,56.04874300479423,2631.003393832079
1708555913,4,,Aggregated,42.400000,0.000000,2,44,46,46,48,48,50,52,52,56,56,6800,0,44,27.750374204498417,0.8501429983880371,56.04874300479423,2628.7325
1708555914,4,,Aggregated,43.900000,0.000000,2,44,46,46,48,48,50,52,52,56,56,6861,0,44,27.764622874453977,0.8501429983880371,56.04874300479423,2628.0295875236848
1708555915,4,,Aggregated,44.500000,0.000000,2,44,46,46,48,48,50,52,52,56,56,6906,0,44,27.739708667191397,0.8501429983880371,56.04874300479423,2629.8925571966406
1708555916,4,,Aggregated,43.200000,0.000000,2,44,46,46,48,48,50,52,52,56,56,6936,0,44,27.771680778919883,0.8501429983880371,56.04874300479423,2627.6200980392155
1708555917,4,,Aggregated,44.100000,0.000000,2,44,46,46,48,48,50,52,52,56,56,6989,0,44,27.77271711155038,0.8501429983880371,56.04874300479423,2628.8401774216627
1708555918,4,,Aggregated,44.100000,0.000000,2,44,46,46,48,48,50,52,52,56,56,7038,0,44,27.749662862559305,0.8501429983880371,56.04874300479423,2632.154163114521
1708555919,4,,Aggregated,42.400000,0.000000,2,44,46,46,48,48,50,52,52,56,56,7062,0,44,27.779981242664565,0.8501429983880371,56.04874300479423,2627.7109883885587
1708555920,4,,Aggregated,43.800000,0.000000,2,44,46,46,48,48,50,52,52,56,56,7125,0,44,27.779561700029788,0.8501429983880371,56.04874300479423,2627.7552280701752
1708555921,4,,Aggregated,44.700000,0.000000,2,44,46,46,48,48,50,52,52,56,56,7169,0,44,27.751531268479635,0.8501429983880371,56.04874300479423,2631.888966383038
1708555922,4,,Aggregated,44.700000,0.000000,2,44,46,46,48,48,50,52,52,56,56,7188,0,44,27.78022308079554,0.8501429983880371,56.04874300479423,2627.798692264886
1708555923,4,,Aggregated,42.200000,0.000000,2,44,46,46,48,48,50,52,53,56,56,7251,0,44,27.78109012600433,0.8501429983880371,56.04874300479423,2627.841401186043
1708555924,4,,Aggregated,45.300000,0.000000,2,44,46,46,48,48,50,52,53,56,56,7308,0,44,27.772143916895818,0.8501429983880371,56.04874300479423,2629.7281061850026
1708555925,4,,Aggregated,43.500000,0.000000,2,44,46,46,48,48,50,52,53,56,56,7316,0,44,27.778510855201063,0.8501429983880371,56.04874300479423,2628.577091306725
1708555926,4,,Aggregated,41.100000,0.000000,2,44,46,46,48,48,50,52,53,56,56,7377,0,44,27.787656502176464,0.8501429983880371,56.04874300479423,2627.9246306086484
