Timestamp,User Count,Type,Name,Requests/s,Failures/s,25%,50%,75%,80%,90%,95%,98%,99%,99.9%,99.99%,100%,Total Request Count,Total Failure Count,Total Median Response Time,Total Average Response Time,Total Min Response Time,Total Max Response Time,Total Average Content Size
1716786391,0,,Aggregated,0.000000,0.000000,N/A,N/A,N/A,N/A,N/A,N/A,N/A,N/A,N/A,N/A,N/A,0,0,0,0.0,0,0,0
1716786392,10,,Aggregated,0.000000,0.000000,17,48,57,60,95,98,120,120,130,130,130,167,0,48,46.62589607746368,1.8755219934973866,125.64182101050392,2661.8922155688624
1716786393,20,,Aggregated,0.000000,0.000000,17,49,64,85,95,120,150,150,150,150,150,391,0,49,51.01090003839037,1.8470529757905751,154.7360510157887,2775.9079283887468
1716786394,30,,Aggregated,149.000000,0.000000,37,54,92,95,120,130,140,150,150,150,150,646,0,54,61.77364203841216,1.8470529757905751,154.7360510157887,2755.0773993808048
1716786395,40,,Aggregated,160.000000,0.000000,47,62,100,110,130,140,180,210,220,220,220,910,0,62,73.03676960633551,1.8470529757905751,222.85565300262533,2756.3406593406594
1716786396,40,,Aggregated,194.666667,0.000000,49,72,110,130,140,160,210,220,230,250,250,1176,0,71,81.45935204653006,1.8470529757905751,254.19635899015702,2771.2057823129253
1716786397,40,,Aggregated,211.750000,0.000000,51,84,110,130,140,150,190,220,230,250,250,1430,0,84,83.18277090202555,1.8470529757905751,254.19635899015702,2706.632167832168
1716786398,40,,Aggregated,219.600000,0.000000,52,87,110,130,140,150,190,210,230,250,250,1695,0,87,84.80512049245912,1.8470529757905751,254.19635899015702,2724.2613569321534
1716786399,40,,Aggregated,226.000000,0.000000,53,90,120,130,140,170,200,220,250,260,260,1958,0,90,87.72406162603961,1.8470529757905751,259.69923700904474,2657.2104187946884
1716786400,40,,Aggregated,231.142857,0.000000,54,91,120,130,140,170,200,220,230,260,260,2213,0,91,87.88504804332464,1.8470529757905751,259.69923700904474,2670.8459105286943
1716786401,40,,Aggregated,235.625000,0.000000,55,92,120,130,140,170,190,220,230,260,260,2481,0,92,88.88017794042302,1.8470529757905751,259.69923700904474,2673.621523579202
1716786402,40,,Aggregated,239.000000,0.000000,55,93,120,130,140,170,190,220,230,260,260,2743,0,93,89.7605156103704,1.8470529757905751,259.69923700904474,2650.78672985782
1716786403,40,,Aggregated,241.100000,0.000000,56,94,120,130,140,160,190,210,230,260,260,3012,0,94,90.30652586429456,1.8470529757905751,259.69923700904474,2658.557436918991
1716786404,40,,Aggregated,252.900000,0.000000,56,95,120,130,140,170,190,220,230,260,260,3273,0,95,91.25490207973799,1.8470529757905751,259.69923700904474,2644.7076076993585
1716786405,40,,Aggregated,261.700000,0.000000,56,94,120,130,140,170,190,210,230,260,260,3537,0,94,91.04430474347038,1.8470529757905751,259.69923700904474,2646.144472716992
1716786406,40,,Aggregated,261.600000,0.000000,57,95,120,130,140,180,200,220,250,290,290,3762,0,95,92.55644554275821,1.8470529757905751,293.07335600606166,2651.1988304093566
1716786407,40,,Aggregated,262.300000,0.000000,57,96,130,130,140,180,200,220,250,290,290,4033,0,96,93.25788794027508,1.8470529757905751,293.07335600606166,2637.617406397223
1716786408,40,,Aggregated,260.000000,0.000000,57,96,130,130,140,180,200,220,250,290,290,4280,0,96,93.64718106810861,1.6279219998978078,293.07335600606166,2651.206074766355
1716786409,40,,Aggregated,260.600000,0.000000,58,96,130,140,140,180,210,220,250,290,290,4510,0,96,94.72872463909097,1.6279219998978078,293.07335600606166,2651.4048780487806
1716786410,40,,Aggregated,259.400000,0.000000,58,97,130,140,140,180,210,220,250,290,290,4795,0,97,95.01418804846838,1.6279219998978078,293.07335600606166,2644.890093847758
1716786411,40,,Aggregated,255.400000,0.000000,58,96,130,140,140,180,210,220,250,290,290,5051,0,96,94.62598144034057,1.6279219998978078,293.07335600606166,2645.5565234607006
1716786412,40,,Aggregated,256.000000,0.000000,58,97,130,140,150,180,210,220,250,290,290,5282,0,97,95.23032742897782,1.6279219998978078,293.07335600606166,2652.6321469140476
1716786413,40,,Aggregated,256.300000,0.000000,59,97,130,140,150,180,220,220,280,310,310,5514,0,97,96.67867796988031,1.6279219998978078,309.82600699644536,2641.6338411316647
1716786414,40,,Aggregated,253.300000,0.000000,59,97,130,140,150,180,220,220,280,310,310,5747,0,97,97.41235861702373,1.6279219998978078,309.82600699644536,2640.656516443362
1716786415,40,,Aggregated,250.400000,0.000000,60,98,130,140,150,190,220,220,280,310,310,5981,0,98,98.0585346452282,1.6279219998978078,309.82600699644536,2643.2499582009696
1716786416,40,,Aggregated,247.800000,0.000000,60,98,130,140,150,190,220,220,260,310,310,6225,0,98,99.0065411743231,1.6279219998978078,309.82600699644536,2637.9636947791164
1716786417,40,,Aggregated,243.600000,0.000000,60,99,130,140,160,190,220,220,280,310,310,6432,0,99,99.91305225408288,1.6279219998978078,309.82600699644536,2635.175684079602
1716786418,40,,Aggregated,244.300000,0.000000,61,99,130,140,160,190,220,220,280,310,310,6660,0,99,100.34837114596974,1.6279219998978078,309.82600699644536,2633.7172672672673
1716786419,40,,Aggregated,240.000000,0.000000,61,100,140,140,170,190,220,220,290,310,310,6882,0,100.0,101.18753989295372,1.6279219998978078,309.82600699644536,2635.801801801802
1716786420,40,,Aggregated,238.000000,0.000000,61,100,140,140,170,190,220,220,290,310,310,7127,0,100.0,101.92529693816628,1.6279219998978078,309.82600699644536,2640.17174126561
1716786421,40,,Aggregated,236.800000,0.000000,62,100,140,140,170,190,220,220,290,310,310,7361,0,100.0,102.33262443300734,1.6279219998978078,309.82600699644536,2628.8197255807636
1716786422,40,,Aggregated,232.800000,0.000000,62,100,140,140,170,190,220,220,290,310,310,7595,0,100.0,102.5818720242512,1.6279219998978078,309.82600699644536,2632.5572086899274
1716786423,40,,Aggregated,230.000000,0.000000,62,100,140,140,180,200,220,220,290,310,310,7834,0,100.0,103.11908358285918,1.6279219998978078,309.82600699644536,2625.1077355118714
1716786424,40,,Aggregated,228.900000,0.000000,63,100,140,140,180,200,220,230,280,310,310,8060,0,100.0,103.46957370684706,1.6279219998978078,309.82600699644536,2620.9358560794044
1716786425,40,,Aggregated,230.700000,0.000000,63,100,140,140,180,200,220,230,280,310,310,8283,0,100.0,103.50640524385643,1.6279219998978078,309.82600699644536,2630.8184232765907
1716786426,40,,Aggregated,229.700000,0.000000,63,100,140,140,180,200,220,230,290,310,310,8505,0,100.0,104.43358608477514,1.6279219998978078,309.82600699644536,2630.5653145208703
1716786427,40,,Aggregated,228.800000,0.000000,64,100,140,140,180,200,220,230,310,370,370,8711,0,100.0,105.75674259165685,1.6279219998978078,373.5751710191835,2624.012053725175
1716786428,40,,Aggregated,229.200000,0.000000,64,100,140,140,180,200,220,230,310,370,370,8927,0,100.0,105.9217567391253,1.6279219998978078,373.5751710191835,2618.386580038087
1716786429,40,,Aggregated,225.900000,0.000000,64,100,140,140,180,200,220,230,300,370,370,9170,0,100.0,105.80592974919799,1.6279219998978078,373.5751710191835,2624.5318429661943
1716786430,40,,Aggregated,226.100000,0.000000,64,100,140,140,180,210,220,230,300,370,370,9404,0,100.0,106.42678156135574,1.6279219998978078,373.5751710191835,2623.7344746916206
1716786431,40,,Aggregated,227.000000,0.000000,64,100,140,140,180,200,220,230,300,370,370,9633,0,100.0,106.62658140504995,1.6279219998978078,373.5751710191835,2622.0892764455516
1716786432,40,,Aggregated,227.700000,0.000000,64,100,140,140,180,200,220,230,300,370,370,9867,0,100.0,106.73778644366375,1.6279219998978078,373.5751710191835,2623.3916083916083
1716786433,40,,Aggregated,226.000000,0.000000,64,100,140,140,180,210,220,230,300,330,370,10101,0,100.0,107.14734292249206,1.6279219998978078,373.5751710191835,2621.6595386595386
1716786434,40,,Aggregated,227.500000,0.000000,65,100,140,140,180,210,220,230,300,330,370,10344,0,100.0,107.19539815264635,1.6279219998978078,373.5751710191835,2620.651295436968
1716786435,40,,Aggregated,226.400000,0.000000,64,100,140,140,180,200,220,230,300,330,370,10585,0,100.0,106.9842749814011,1.6279219998978078,373.5751710191835,2616.5965989607935
1716786436,40,,Aggregated,227.000000,0.000000,65,100,140,140,180,200,220,230,300,330,370,10810,0,100.0,107.09102582664615,1.6279219998978078,373.5751710191835,2623.230342275671
1716786437,40,,Aggregated,230.000000,0.000000,65,100,140,140,180,210,220,230,300,330,370,11035,0,100.0,107.52947943752035,1.6279219998978078,373.5751710191835,2622.914182147712
1716786438,40,,Aggregated,229.300000,0.000000,65,100,140,140,180,210,220,230,300,330,370,11281,0,100.0,107.84629261724469,1.6279219998978078,373.5751710191835,2622.745501285347
1716786439,40,,Aggregated,233.200000,0.000000,65,100,140,140,180,210,220,230,300,330,370,11519,0,100.0,107.88173349782298,1.6279219998978078,373.5751710191835,2622.556905981422
1716786440,40,,Aggregated,233.600000,0.000000,65,100,140,140,180,210,220,230,300,330,370,11742,0,100.0,108.00327729810463,1.6279219998978078,373.5751710191835,2622.8665474365525
1716786441,40,,Aggregated,235.100000,0.000000,65,100,140,140,180,210,220,230,300,330,370,11986,0,100.0,108.3541145736207,1.6279219998978078,373.5751710191835,2619.27306858001
1716786442,40,,Aggregated,234.200000,0.000000,65,100,140,140,180,210,220,230,300,330,370,12222,0,100.0,108.12671542318502,1.6279219998978078,373.5751710191835,2618.7005400098183
1716786443,40,,Aggregated,236.700000,0.000000,65,100,140,140,180,210,220,230,300,330,370,12437,0,100.0,108.25938431486766,1.6279219998978078,373.5751710191835,2625.890005628367
1716786444,40,,Aggregated,235.000000,0.000000,66,100,140,150,180,210,220,230,300,330,370,12649,0,100.0,109.30083771928852,1.6279219998978078,373.5751710191835,2623.60162858724
1716786445,40,,Aggregated,233.400000,0.000000,66,100,140,150,180,210,220,230,300,330,370,12893,0,100.0,109.19583917436015,1.6279219998978078,373.5751710191835,2617.7443574032422
1716786446,40,,Aggregated,230.900000,0.000000,66,100,140,150,180,210,220,230,300,330,370,13134,0,100.0,109.00626915280827,1.6279219998978078,373.5751710191835,2622.686538754378
1716786447,40,,Aggregated,230.000000,0.000000,66,100,140,150,180,210,220,230,300,330,370,13356,0,100.0,109.45637571968199,1.6279219998978078,373.5751710191835,2620.4809074573227
1716786448,40,,Aggregated,230.800000,0.000000,66,100,140,150,180,210,220,230,300,330,370,13594,0,100.0,109.63598834486912,1.6279219998978078,373.5751710191835,2616.177725467118
1716786449,40,,Aggregated,230.300000,0.000000,66,100,140,150,180,210,220,230,300,330,370,13822,0,100.0,109.37710061511832,1.6279219998978078,373.5751710191835,2620.3139921863694
1716786450,40,,Aggregated,230.500000,0.000000,66,100,140,150,180,210,220,230,300,330,370,14040,0,100.0,109.81622741369975,1.6279219998978078,373.5751710191835,2622.310185185185
1716786451,40,,Aggregated,229.200000,0.000000,66,100,140,150,180,210,220,230,300,330,370,14292,0,100.0,110.15229790809353,1.6279219998978078,373.5751710191835,2618.362510495382
1716786452,40,,Aggregated,228.100000,0.000000,66,100,140,150,180,210,220,230,300,330,370,14513,0,100.0,110.00737114451375,1.6279219998978078,373.5751710191835,2612.94060497485
1716786453,40,,Aggregated,227.600000,0.000000,66,100,140,150,180,210,220,230,300,330,370,14763,0,100.0,109.85567861570651,1.6279219998978078,373.5751710191835,2617.896159317212
1716786454,40,,Aggregated,229.000000,0.000000,66,100,140,150,180,210,220,230,300,330,370,14995,0,100.0,110.13124892982859,1.6279219998978078,373.5751710191835,2618.9235745248416
1716786455,40,,Aggregated,229.800000,0.000000,66,100,140,150,180,210,220,230,300,330,370,15237,0,100.0,110.04546906994646,1.6279219998978078,373.5751710191835,2613.0210671392006
1716786456,40,,Aggregated,233.300000,0.000000,66,100,140,150,180,210,220,230,300,330,370,15468,0,100.0,109.96576503903037,1.6279219998978078,373.5751710191835,2618.5912852340316
1716786457,40,,Aggregated,233.800000,0.000000,67,100,140,150,190,210,220,230,300,330,370,15687,0,100.0,110.47942187279273,1.6279219998978078,373.5751710191835,2621.114489704851
1716786458,40,,Aggregated,232.800000,0.000000,67,100,140,150,190,210,220,230,300,330,370,15924,0,100.0,110.72247183179662,1.6279219998978078,373.5751710191835,2612.4357573474003
1716786459,40,,Aggregated,233.800000,0.000000,67,100,140,150,190,210,220,230,300,330,370,16128,0,100.0,110.54918386883091,1.6279219998978078,373.5751710191835,2615.7305927579364
1716786460,40,,Aggregated,231.600000,0.000000,67,100,140,150,190,210,220,230,300,330,370,16340,0,100.0,110.9811751223653,1.6279219998978078,373.5751710191835,2618.2631578947367
1716786461,40,,Aggregated,231.900000,0.000000,67,100,140,150,190,210,220,230,300,330,370,16583,0,100.0,111.3347951304682,1.6279219998978078,373.5751710191835,2613.9901706566966
1716786462,40,,Aggregated,229.800000,0.000000,67,100,140,150,190,210,220,230,300,330,370,16809,0,100.0,111.11540424240123,1.6279219998978078,373.5751710191835,2611.5870664524955
1716786463,40,,Aggregated,230.200000,0.000000,67,100,140,150,190,210,220,230,300,330,370,17043,0,100.0,111.21389077482412,1.6279219998978078,373.5751710191835,2619.6067593733496
1716786464,40,,Aggregated,229.500000,0.000000,67,100,140,150,190,210,220,230,300,330,370,17293,0,100.0,111.5374711252096,1.6279219998978078,373.5751710191835,2614.208408026369
1716786465,40,,Aggregated,229.400000,0.000000,67,100,140,150,190,210,220,230,300,330,370,17515,0,100.0,111.40012946092162,1.6279219998978078,373.5751710191835,2610.9936625749356
1716786466,40,,Aggregated,228.500000,0.000000,67,100,140,150,190,210,220,230,300,330,370,17759,0,100.0,111.11251363568894,1.6279219998978078,373.5751710191835,2614.9276986316795
1716786467,40,,Aggregated,228.200000,0.000000,67,100,140,150,190,210,220,230,300,330,370,17994,0,100.0,111.50784456904226,1.6279219998978078,373.5751710191835,2615.721851728354
1716786468,40,,Aggregated,228.300000,0.000000,67,110,140,150,190,210,220,230,300,330,370,18225,0,110.0,111.75824886290273,1.6279219998978078,373.5751710191835,2612.509903978052
1716786469,40,,Aggregated,228.900000,0.000000,67,100,140,150,190,210,220,230,300,330,370,18455,0,100.0,111.45154947028752,1.6279219998978078,373.5751710191835,2615.5495529666755
1716786470,40,,Aggregated,230.100000,0.000000,67,110,140,150,190,210,220,230,300,330,370,18684,0,110.0,111.62925120739472,1.6279219998978078,373.5751710191835,2619.274780560908
1716786471,40,,Aggregated,229.600000,0.000000,67,110,140,150,190,210,220,230,300,330,370,18923,0,110.0,111.9663406726245,1.6279219998978078,373.5751710191835,2614.834275749088
1716786472,40,,Aggregated,233.100000,0.000000,67,110,140,150,190,210,220,230,300,330,370,19156,0,110.0,111.67821934835251,1.6279219998978078,373.5751710191835,2611.3741908540405
1716786473,40,,Aggregated,231.900000,0.000000,67,110,140,150,190,210,220,230,300,330,370,19393,0,110.0,111.6838905182346,1.6279219998978078,373.5751710191835,2618.387098437581
1716786474,40,,Aggregated,232.100000,0.000000,67,110,140,150,190,210,220,230,300,330,370,19630,0,110.0,111.94675497998502,1.6279219998978078,373.5751710191835,2614.0223637289864
1716786475,40,,Aggregated,232.900000,0.000000,67,110,140,150,190,210,220,230,300,330,370,19869,0,110.0,111.86326764995147,1.6279219998978078,373.5751710191835,2610.569681413257
1716786476,40,,Aggregated,234.000000,0.000000,67,110,140,150,190,210,220,230,300,330,370,20095,0,110.0,111.82129467270133,1.6279219998978078,373.5751710191835,2614.5326698183626
1716786477,40,,Aggregated,234.100000,0.000000,67,110,140,150,190,220,230,230,300,370,380,20298,0,110.0,112.39626872016254,1.6279219998978078,384.9706200126093,2615.468519065918
1716786478,40,,Aggregated,233.900000,0.000000,67,110,140,150,190,220,230,230,300,370,380,20519,0,110.0,112.53053773082969,1.6279219998978078,384.9706200126093,2609.4593791120424
1716786479,40,,Aggregated,229.900000,0.000000,67,110,140,150,190,210,220,230,300,370,380,20760,0,110.0,112.22948572663012,1.6279219998978078,384.9706200126093,2611.608477842004
1716786480,40,,Aggregated,229.200000,0.000000,67,110,140,150,190,220,230,230,300,370,380,20987,0,110.0,112.58644566082245,1.6279219998978078,384.9706200126093,2614.2492495354268
1716786481,40,,Aggregated,229.500000,0.000000,67,110,140,150,190,220,230,230,300,370,380,21232,0,110.0,112.63951240326078,1.6279219998978078,384.9706200126093,2610.2778824415977
1716786482,40,,Aggregated,228.300000,0.000000,67,110,140,150,190,220,230,230,300,370,380,21454,0,110.0,112.45270173389619,1.6279219998978078,384.9706200126093,2610.4259811690126
1716786483,40,,Aggregated,229.700000,0.000000,67,110,140,150,190,220,230,230,300,370,380,21709,0,110.0,112.47693488250319,1.6279219998978078,384.9706200126093,2613.87571974757
1716786484,40,,Aggregated,230.100000,0.000000,67,110,140,150,190,220,230,230,300,370,380,21950,0,110.0,112.52879789387646,1.6279219998978078,384.9706200126093,2611.011207289294
1716786485,40,,Aggregated,229.200000,0.000000,67,110,140,150,190,220,230,230,300,370,380,22181,0,110.0,112.43765614992698,1.6279219998978078,384.9706200126093,2609.6856769307064
1716786486,40,,Aggregated,229.800000,0.000000,67,110,140,150,190,220,230,230,300,370,380,22415,0,110.0,112.39818360958598,1.6279219998978078,384.9706200126093,2614.0413562346644
1716786487,40,,Aggregated,229.000000,0.000000,67,110,140,150,190,220,230,230,300,370,380,22629,0,110.0,112.72414804586079,1.6279219998978078,384.9706200126093,2613.831985505325
1716786488,40,,Aggregated,229.500000,0.000000,68,110,140,150,190,220,230,240,300,380,390,22836,0,110.0,113.02375459750975,1.6279219998978078,390.20799900754355,2610.039893151165
1716786489,40,,Aggregated,233.800000,0.000000,67,110,140,150,190,220,230,230,300,380,390,23069,0,110.0,112.85226447830067,1.6279219998978078,390.20799900754355,2611.059257011574
1716786490,40,,Aggregated,230.200000,0.000000,67,110,140,150,190,220,230,230,300,380,390,23306,0,110.0,112.96284350127786,1.6279219998978078,390.20799900754355,2613.7661546382906
1716786491,40,,Aggregated,230.800000,0.000000,67,110,140,150,190,220,230,230,300,380,390,23537,0,110.0,112.95790208403348,1.6279219998978078,390.20799900754355,2611.566427327187
1716786492,40,,Aggregated,232.900000,0.000000,67,110,140,150,190,220,230,230,300,380,390,23786,0,110.0,112.89035037803596,1.6279219998978078,390.20799900754355,2613.7978642899184
1716786493,40,,Aggregated,230.700000,0.000000,67,110,140,150,190,220,230,230,300,380,390,24037,0,110.0,112.89519183458907,1.6279219998978078,390.20799900754355,2616.906394308774
1716786494,40,,Aggregated,231.400000,0.000000,67,110,140,150,190,220,230,230,300,380,390,24263,0,110.0,113.1076169260738,1.6279219998978078,390.20799900754355,2612.8639904381157
1716786495,40,,Aggregated,231.100000,0.000000,67,110,140,150,190,220,230,230,300,380,390,24488,0,110.0,112.99184843207752,1.6279219998978078,390.20799900754355,2610.7687438745506
1716786496,40,,Aggregated,232.000000,0.000000,67,110,140,150,190,220,230,230,300,380,390,24726,0,110.0,112.88341892015148,1.6279219998978078,390.20799900754355,2612.551646040605
1716786497,40,,Aggregated,230.700000,0.000000,68,110,140,150,190,220,230,230,300,380,390,24962,0,110.0,112.96425777668983,1.6279219998978078,390.20799900754355,2612.5245573271372
1716786498,40,,Aggregated,230.900000,0.000000,68,110,140,150,190,220,230,230,300,380,390,25156,0,110.0,113.27135452006459,1.6279219998978078,390.20799900754355,2612.373549053904
1716786499,40,,Aggregated,230.100000,0.000000,68,110,140,150,190,220,230,230,300,380,390,25385,0,110.0,113.42350732892496,1.6279219998978078,390.20799900754355,2613.2587354737047
1716786500,40,,Aggregated,232.900000,0.000000,68,110,140,150,190,220,230,230,300,380,390,25628,0,110.0,113.47804244564514,1.6279219998978078,390.20799900754355,2612.0918136413297
1716786501,40,,Aggregated,228.800000,0.000000,68,110,140,150,190,220,230,230,300,380,390,25882,0,110.0,113.33873100664746,1.6279219998978078,390.20799900754355,2610.715980217912
1716786502,40,,Aggregated,228.500000,0.000000,68,110,140,150,190,220,230,230,300,380,390,26124,0,110.0,113.27083621493337,1.6279219998978078,390.20799900754355,2610.156407900781
1716786503,40,,Aggregated,230.800000,0.000000,68,110,140,150,190,220,230,230,300,380,390,26364,0,110.0,113.20027393944987,1.6279219998978078,390.20799900754355,2611.746927628584
1716786504,40,,Aggregated,231.200000,0.000000,68,110,140,150,190,220,230,230,300,380,390,26597,0,110.0,113.2409987049138,1.6279219998978078,390.20799900754355,2611.799263074783
1716786505,40,,Aggregated,232.500000,0.000000,68,110,140,150,190,220,230,230,300,380,390,26819,0,110.0,113.35464125084413,1.6279219998978078,390.20799900754355,2611.4352138409336
1716786506,40,,Aggregated,230.100000,0.000000,68,110,140,150,190,220,230,230,300,380,390,27057,0,110.0,113.39020895251446,1.6279219998978078,390.20799900754355,2611.045866134457
1716786507,40,,Aggregated,230.800000,0.000000,68,110,140,150,190,220,230,230,300,380,390,27262,0,110.0,113.60848606213851,1.6279219998978078,390.20799900754355,2612.197380969848
1716786508,40,,Aggregated,231.600000,0.000000,68,110,140,150,190,220,230,240,300,390,390,27469,0,110.0,113.72774415301295,1.6279219998978078,390.20799900754355,2610.468382540318
1716786509,40,,Aggregated,230.600000,0.000000,68,110,140,150,190,220,230,240,300,390,390,27700,0,110.0,113.67716442546111,1.6279219998978078,390.20799900754355,2610.310216606498
1716786510,40,,Aggregated,227.600000,0.000000,68,110,140,150,190,220,230,240,300,390,390,27947,0,110.0,113.67657359327433,1.6279219998978078,390.20799900754355,2613.698894335707
1716786511,40,,Aggregated,232.100000,0.000000,68,110,140,150,190,220,230,240,300,390,390,28190,0,110.0,113.68430817195599,1.6279219998978078,390.20799900754355,2610.5715147215324
1716786512,40,,Aggregated,231.500000,0.000000,68,110,140,150,190,220,230,240,300,390,390,28426,0,110.0,113.69109504348434,1.6279219998978078,390.20799900754355,2611.040702174066
1716786513,40,,Aggregated,231.800000,0.000000,68,110,140,150,190,220,230,240,300,390,390,28649,0,110.0,113.74499660739113,1.6279219998978078,390.20799900754355,2612.3544277287165
1716786514,40,,Aggregated,230.300000,0.000000,68,110,140,150,190,220,230,240,300,390,390,28870,0,110.0,113.84896561406862,1.6279219998978078,390.20799900754355,2609.17402147558
1716786515,40,,Aggregated,230.600000,0.000000,68,110,140,150,190,220,230,240,300,390,390,29104,0,110.0,113.74093100330293,1.6279219998978078,390.20799900754355,2610.8665819131393
1716786516,40,,Aggregated,229.700000,0.000000,68,110,140,150,190,220,230,230,300,390,390,29357,0,110.0,113.71293107079086,1.6279219998978078,390.20799900754355,2611.8219504717786
1716786517,40,,Aggregated,228.900000,0.000000,68,110,140,150,190,220,230,230,300,390,390,29606,0,110.0,113.76768268575539,1.6279219998978078,390.20799900754355,2611.7794028237518
1716786518,40,,Aggregated,228.300000,0.000000,68,110,140,150,190,220,230,230,300,390,390,29804,0,110.0,113.88496827715463,1.6279219998978078,390.20799900754355,2610.8027445980406
1716786519,40,,Aggregated,230.400000,0.000000,68,110,140,150,190,220,230,230,300,390,390,30045,0,110.0,113.90988290072468,1.6279219998978078,390.20799900754355,2611.1663837576966
1716786520,40,,Aggregated,234.500000,0.000000,68,110,140,150,190,220,230,230,300,390,390,30245,0,110.0,114.0526996921868,1.6279219998978078,390.20799900754355,2612.1731856505207
1716786521,40,,Aggregated,233.600000,0.000000,68,110,140,150,190,220,230,230,300,390,390,30495,0,110.0,114.01728234055801,1.6279219998978078,390.20799900754355,2610.236202656173
1716786522,40,,Aggregated,232.200000,0.000000,68,110,140,150,190,220,230,230,300,390,390,30724,0,110.0,113.97609923946405,1.6279219998978078,390.20799900754355,2611.609718786616
1716786523,40,,Aggregated,230.100000,0.000000,68,110,140,150,190,220,230,230,300,390,390,30958,0,110.0,114.0786793559703,1.6279219998978078,390.20799900754355,2612.633438852639
1716786524,40,,Aggregated,229.400000,0.000000,68,110,140,150,190,220,230,230,300,390,390,31198,0,110.0,114.18712958260173,1.6279219998978078,390.20799900754355,2609.8710814795822
1716786525,40,,Aggregated,228.200000,0.000000,68,110,140,150,190,220,230,230,300,390,390,31428,0,110.0,114.08771574990696,1.6279219998978078,390.20799900754355,2610.227885961563
1716786526,40,,Aggregated,230.200000,0.000000,68,110,140,150,190,220,230,230,300,390,390,31644,0,110.0,114.18932182524435,1.6279219998978078,390.20799900754355,2610.3074516496017
1716786527,40,,Aggregated,231.700000,0.000000,68,110,140,150,190,220,230,230,300,390,390,31889,0,110.0,114.25203785327508,1.6279219998978078,390.20799900754355,2609.8309134811375
1716786528,40,,Aggregated,229.400000,0.000000,68,110,140,150,190,220,230,230,300,390,390,32111,0,110.0,114.21541097676773,1.6279219998978078,390.20799900754355,2609.799539098751
1716786529,40,,Aggregated,227.500000,0.000000,68,110,140,150,190,220,230,230,300,390,390,32357,0,110.0,114.21550145402695,1.6279219998978078,390.20799900754355,2611.008189881633
1716786530,40,,Aggregated,228.300000,0.000000,69,110,140,150,190,220,230,230,300,390,390,32572,0,110.0,114.32168952050871,1.6279219998978078,390.20799900754355,2611.0772442588727
1716786531,40,,Aggregated,228.800000,0.000000,69,110,140,150,190,220,230,230,300,390,390,32810,0,110.0,114.41547181910337,1.6279219998978078,390.20799900754355,2608.1577263029562
1716786532,40,,Aggregated,229.600000,0.000000,69,110,140,150,190,220,230,230,300,390,390,33039,0,110.0,114.26519641607987,1.6279219998978078,390.20799900754355,2608.9672508247827
1716786533,40,,Aggregated,231.200000,0.000000,69,110,140,150,190,220,230,230,300,390,390,33235,0,110.0,114.41813079599407,1.6279219998978078,390.20799900754355,2611.1796299082293
1716786534,40,,Aggregated,231.000000,0.000000,69,110,140,150,190,220,230,230,300,390,390,33469,0,110.0,114.58199017891228,1.6279219998978078,390.20799900754355,2610.5961636140905
1716786535,40,,Aggregated,230.300000,0.000000,69,110,140,150,190,220,230,230,300,390,390,33710,0,110.0,114.48872270543276,1.6279219998978078,390.20799900754355,2609.8515870661527
1716786536,40,,Aggregated,224.600000,0.000000,69,110,140,150,190,220,230,230,300,390,390,33936,0,110.0,114.48653110870791,1.6279219998978078,390.20799900754355,2612.6410007072136
1716786537,40,,Aggregated,226.700000,0.000000,69,110,140,150,190,220,230,230,300,390,390,34203,0,110.0,114.50305848846706,1.6279219998978078,390.20799900754355,2609.6762272315295
1716786538,40,,Aggregated,227.000000,0.000000,69,110,140,150,190,220,230,230,300,390,390,34399,0,110.0,114.56640369217665,1.6279219998978078,390.20799900754355,2608.7303991395097
1716786539,40,,Aggregated,229.600000,0.000000,69,110,140,150,190,220,230,230,300,390,390,34635,0,110.0,114.58819296428267,1.6279219998978078,390.20799900754355,2610.4604013281364
1716786540,40,,Aggregated,231.600000,0.000000,69,110,140,150,190,220,230,230,300,390,390,34868,0,110.0,114.58632328900397,1.6279219998978078,390.20799900754355,2609.4051279109785
1716786541,40,,Aggregated,227.000000,0.000000,69,110,140,150,190,220,230,230,300,390,390,35081,0,110.0,114.62110866409415,1.6279219998978078,390.20799900754355,2610.2126507226135
1716786542,40,,Aggregated,229.300000,0.000000,69,110,140,150,190,220,230,230,300,390,390,35322,0,110.0,114.75605207819976,1.6279219998978078,390.20799900754355,2611.1638638808677
1716786543,40,,Aggregated,228.200000,0.000000,69,110,140,150,190,220,230,230,300,390,390,35573,0,110.0,114.69849369959918,1.6279219998978078,390.20799900754355,2611.3248531189383
1716786544,40,,Aggregated,225.600000,0.000000,69,110,140,150,190,220,230,230,300,390,390,35803,0,110.0,114.68531042298031,1.6279219998978078,390.20799900754355,2609.915761249057
1716786545,40,,Aggregated,228.200000,0.000000,69,110,140,150,190,220,230,230,300,390,390,36039,0,110.0,114.56861451133189,1.6279219998978078,390.20799900754355,2609.984017314576
1716786546,40,,Aggregated,233.800000,0.000000,69,110,140,150,190,220,230,230,300,390,390,36274,0,110.0,114.62930430507114,1.6279219998978078,390.20799900754355,2611.3435518553233
1716786547,40,,Aggregated,231.000000,0.000000,69,110,140,150,190,220,230,230,300,390,390,36504,0,110.0,114.6532313760823,1.6279219998978078,390.20799900754355,2609.4538406749944
1716786548,40,,Aggregated,233.500000,0.000000,69,110,140,150,190,220,230,230,300,390,390,36688,0,110.0,114.84809695586131,1.6279219998978078,390.20799900754355,2610.4501471870913
1716786549,40,,Aggregated,231.300000,0.000000,69,110,140,150,190,220,230,230,300,390,390,36925,0,110.0,115.00031209079137,1.6279219998978078,390.20799900754355,2610.9413405551795
1716786550,40,,Aggregated,228.900000,0.000000,69,110,140,150,190,220,230,230,300,390,390,37136,0,110.0,115.06188145176577,1.6279219998978078,390.20799900754355,2608.8869560534254
1716786551,40,,Aggregated,228.500000,0.000000,69,110,140,150,190,220,230,230,300,390,390,37375,0,110.0,114.98800835885052,1.6279219998978078,390.20799900754355,2609.732602006689
1716786552,40,,Aggregated,226.800000,0.000000,69,110,140,150,190,220,230,230,300,390,390,37622,0,110.0,114.96364192467308,1.6279219998978078,390.20799900754355,2609.005076816756
1716786553,40,,Aggregated,225.500000,0.000000,69,110,140,150,190,220,230,230,300,390,390,37866,0,110.0,114.93597410032599,1.6279219998978078,390.20799900754355,2609.2747055405907
1716786554,40,,Aggregated,228.000000,0.000000,69,110,140,150,190,220,230,230,300,390,390,38080,0,110.0,115.02412991901085,1.6279219998978078,390.20799900754355,2610.209637605042
1716786555,40,,Aggregated,229.300000,0.000000,69,110,140,150,190,220,230,230,300,390,390,38301,0,110.0,115.09891868667108,1.6279219998978078,390.20799900754355,2610.3401477768202
1716786556,40,,Aggregated,227.300000,0.000000,69,110,140,150,190,220,230,230,300,390,390,38548,0,110.0,115.1262266445228,1.6279219998978078,390.20799900754355,2608.9160527135
1716786557,40,,Aggregated,226.900000,0.000000,69,110,140,150,190,220,230,230,300,390,390,38771,0,110.0,115.06435919144073,1.6279219998978078,390.20799900754355,2608.5364834541283
1716786558,40,,Aggregated,224.100000,0.000000,69,110,140,150,190,220,230,230,300,390,390,38990,0,110.0,115.05816651350038,1.6279219998978078,390.20799900754355,2610.158040523211
1716786559,40,,Aggregated,225.000000,0.000000,69,110,140,150,190,220,230,230,300,390,390,39217,0,110.0,115.21182809713943,1.6279219998978078,390.20799900754355,2610.203075196981
1716786560,40,,Aggregated,225.900000,0.000000,69,110,140,150,190,220,230,230,300,390,390,39439,0,110.0,115.19019772244005,1.6279219998978078,390.20799900754355,2608.9905423565506
1716786561,40,,Aggregated,228.300000,0.000000,69,110,140,150,190,220,230,240,300,390,390,39635,0,110.0,115.26996897137411,1.6279219998978078,390.20799900754355,2611.103166393339
