Timestamp,User Count,Type,Name,Requests/s,Failures/s,50%,66%,75%,80%,90%,95%,98%,99%,99.9%,99.99%,100%,Total Request Count,Total Failure Count,Total Median Response Time,Total Average Response Time,Total Min Response Time,Total Max Response Time,Total Average Content Size
1714000053,0,,Aggregated,0.000000,0.000000,N/A,N/A,N/A,N/A,N/A,N/A,N/A,N/A,N/A,N/A,N/A,0,0,0,0.0,0,0,0
1714000054,5,,Aggregated,0.000000,0.000000,93,97,98,99,100,100,110,110,110,110,110,66,0,93,70.27348033278196,8.046700997510925,107.89910300081829,10805.19696969697
1714000055,10,,Aggregated,0.000000,0.000000,97,100,110,120,200,200,200,210,210,210,210,133,0,97,99.61753483470862,7.796607998898253,205.4022000011173,10787.248120300752
1714000056,15,,Aggregated,2.000000,0.000000,100,120,190,200,210,290,300,300,310,310,310,207,0,100,126.03190978257192,7.796607998898253,308.70578800386284,10740.541062801933
1714000057,20,,Aggregated,35.500000,0.000000,110,200,200,210,300,310,380,400,400,400,400,288,0,110.0,156.34969610063206,7.796607998898253,401.5062160033267,10615.135416666666
1714000058,20,,Aggregated,45.666667,0.000000,190,200,210,290,300,310,330,390,400,400,400,365,0,190.0,169.62758769862887,7.796607998898253,401.5062160033267,10739.342465753425
1714000059,20,,Aggregated,52.500000,0.000000,190,200,280,290,300,320,400,400,410,410,410,439,0,190.0,181.60503306147004,7.796607998898253,411.666925996542,10854.733485193621
1714000060,20,,Aggregated,58.000000,0.000000,200,210,290,290,310,390,400,400,490,490,490,512,0,200.0,191.94421201360967,7.796607998898253,493.6868000004324,10832.283203125
1714000061,20,,Aggregated,62.333333,0.000000,200,210,290,290,310,390,400,400,490,490,490,586,0,200.0,194.7498528036924,7.796607998898253,493.6868000004324,10825.696245733789
1714000062,20,,Aggregated,63.714286,0.000000,200,210,290,300,310,390,400,400,490,490,490,664,0,200.0,196.16920704211006,7.796607998898253,493.6868000004324,10825.1671686747
1714000063,20,,Aggregated,64.625000,0.000000,200,210,290,300,300,380,400,400,490,490,490,735,0,200.0,198.77859316324756,7.796607998898253,493.6868000004324,10877.110204081633
1714000064,20,,Aggregated,66.444444,0.000000,200,210,290,300,300,390,400,400,490,490,490,807,0,200.0,201.34470065425938,7.796607998898253,493.6868000004324,10863.301115241637
1714000065,20,,Aggregated,67.300000,0.000000,200,210,290,300,300,380,400,400,490,490,490,883,0,200.0,201.93692336916897,7.796607998898253,493.6868000004324,10844.857304643261
1714000066,20,,Aggregated,74.000000,0.000000,200,210,290,300,310,390,400,410,500,500,500,962,0,200.0,205.4908718013859,7.796607998898253,497.07679499988444,10857.941787941789
1714000067,20,,Aggregated,74.600000,0.000000,200,220,290,300,310,390,400,410,500,500,500,1039,0,200.0,208.6434648584209,7.796607998898253,501.89171500096563,10864.561116458133
1714000068,20,,Aggregated,75.800000,0.000000,200,220,290,300,310,390,400,410,500,500,500,1116,0,200.0,208.52662298822523,7.796607998898253,501.89171500096563,10883.46594982079
1714000069,20,,Aggregated,76.300000,0.000000,200,230,290,300,310,390,400,410,500,500,500,1188,0,200.0,209.6665735511926,7.796607998898253,501.89171500096563,10853.356902356902
1714000070,20,,Aggregated,75.500000,0.000000,200,280,290,300,310,390,400,410,500,500,500,1268,0,200.0,211.1961659138959,7.796607998898253,501.89171500096563,10883.485804416403
1714000071,20,,Aggregated,74.500000,0.000000,200,290,300,300,310,390,400,410,500,500,500,1341,0,200.0,213.96810338092212,7.796607998898253,501.89171500096563,10878.463087248321
1714000072,20,,Aggregated,74.800000,0.000000,200,280,290,300,310,390,400,410,500,500,500,1405,0,200.0,212.90142677497641,7.796607998898253,501.89171500096563,10874.966548042705
1714000073,20,,Aggregated,75.300000,0.000000,200,290,290,300,310,390,400,410,500,500,500,1482,0,200.0,213.27863590742314,7.796607998898253,501.89171500096563,10867.348852901485
1714000074,20,,Aggregated,74.300000,0.000000,200,290,300,300,310,390,400,410,500,500,500,1557,0,200.0,215.0443472374936,7.796607998898253,501.89171500096563,10860.411046885036
1714000075,20,,Aggregated,73.200000,0.000000,200,290,300,300,310,390,400,410,500,500,500,1632,0,200.0,216.43106844409405,7.796607998898253,501.89171500096563,10876.530637254902
1714000076,20,,Aggregated,74.000000,0.000000,200,290,300,300,310,390,400,410,500,500,500,1713,0,200.0,216.55115359181357,7.796607998898253,501.89171500096563,10888.857559836544
1714000077,20,,Aggregated,74.000000,0.000000,200,280,300,300,310,390,400,410,500,500,500,1791,0,200.0,215.50267943819594,7.796607998898253,501.89171500096563,10884.206030150754
1714000078,20,,Aggregated,73.700000,0.000000,200,280,290,300,310,390,400,410,500,500,500,1872,0,200.0,216.00967766122486,7.796607998898253,501.89171500096563,10871.807692307691
1714000079,20,,Aggregated,74.000000,0.000000,200,280,290,300,310,390,400,410,500,500,500,1951,0,200.0,215.6806225534859,7.796607998898253,501.89171500096563,10886.656586365965
1714000080,20,,Aggregated,74.600000,0.000000,200,280,290,300,310,390,400,410,490,500,500,2023,0,200.0,214.47944402711838,7.796607998898253,501.89171500096563,10866.4206623826
1714000081,20,,Aggregated,75.300000,0.000000,200,280,290,300,310,390,400,410,500,500,500,2100,0,200.0,215.47301435993828,7.796607998898253,501.89171500096563,10871.048571428571
1714000082,20,,Aggregated,75.700000,0.000000,200,280,290,300,310,390,400,410,500,590,590,2170,0,200.0,217.3325238829018,7.796607998898253,587.0281020033872,10886.60138248848
1714000083,20,,Aggregated,75.300000,0.000000,200,290,300,300,310,390,400,410,500,590,590,2247,0,200.0,218.19701619532228,7.796607998898253,587.0281020033872,10890.216733422341
1714000084,20,,Aggregated,75.900000,0.000000,200,280,300,300,310,390,400,410,500,590,590,2325,0,200.0,217.63010554060074,7.796607998898253,587.0281020033872,10880.697204301076
1714000085,20,,Aggregated,76.500000,0.000000,200,280,290,300,310,390,400,410,500,590,590,2395,0,200.0,217.23525192774068,7.796607998898253,587.0281020033872,10886.55782881002
1714000086,20,,Aggregated,76.500000,0.000000,200,280,300,300,310,390,400,410,500,590,590,2480,0,200.0,217.82496637015063,7.796607998898253,587.0281020033872,10882.761693548387
1714000087,20,,Aggregated,76.800000,0.000000,200,280,300,300,310,390,400,410,500,590,590,2548,0,200.0,217.5493951769828,7.796607998898253,587.0281020033872,10885.850863422293
1714000088,20,,Aggregated,76.300000,0.000000,200,280,290,300,310,390,400,410,500,590,590,2627,0,200.0,217.1724953787234,7.796607998898253,587.0281020033872,10865.513513513513
1714000089,20,,Aggregated,76.700000,0.000000,200,280,300,300,310,390,400,410,500,590,590,2705,0,200.0,217.71232310717042,7.796607998898253,587.0281020033872,10882.497227356747
1714000090,20,,Aggregated,75.700000,0.000000,200,290,300,300,310,390,400,410,500,590,590,2777,0,200.0,218.8282988436944,7.796607998898253,587.0281020033872,10888.583723442563
1714000091,20,,Aggregated,75.500000,0.000000,200,290,300,300,310,390,400,410,500,590,590,2858,0,200.0,218.59033586702662,7.796607998898253,587.0281020033872,10878.813505948216
1714000092,20,,Aggregated,75.400000,0.000000,200,280,300,300,310,390,400,410,500,590,590,2933,0,200.0,218.19432753119764,7.796607998898253,587.0281020033872,10886.582338902148
1714000093,20,,Aggregated,75.400000,0.000000,200,290,300,300,310,390,400,410,500,590,590,3005,0,200.0,218.32162980534324,7.796607998898253,587.0281020033872,10892.542429284525
1714000094,20,,Aggregated,75.800000,0.000000,200,290,300,300,310,390,400,410,500,590,590,3083,0,200.0,219.19102899515772,7.796607998898253,587.0281020033872,10883.15796302303
1714000095,20,,Aggregated,76.300000,0.000000,200,290,300,300,310,390,400,410,500,590,590,3160,0,200.0,218.5658528946449,7.796607998898253,587.0281020033872,10874.556012658228
1714000096,20,,Aggregated,75.800000,0.000000,200,290,300,300,310,390,400,410,500,590,590,3238,0,200.0,218.60328640521038,7.796607998898253,587.0281020033872,10878.612723903645
1714000097,20,,Aggregated,75.800000,0.000000,200,280,300,300,310,390,400,410,500,590,590,3319,0,200.0,218.14515118171101,7.796607998898253,587.0281020033872,10882.836697800542
1714000098,20,,Aggregated,76.500000,0.000000,200,290,300,300,310,390,400,410,500,590,590,3393,0,200.0,218.9016290763671,7.796607998898253,587.0281020033872,10880.643972885353
1714000099,20,,Aggregated,75.800000,0.000000,200,280,300,300,310,390,400,410,500,590,590,3463,0,200.0,218.6773422128395,7.796607998898253,587.0281020033872,10874.008085475021
1714000100,20,,Aggregated,77.100000,0.000000,200,290,300,300,310,390,400,410,500,590,590,3538,0,200.0,219.299028804711,7.796607998898253,587.0281020033872,10889.473148671566
1714000101,20,,Aggregated,76.600000,0.000000,200,290,300,300,310,390,400,410,500,590,590,3613,0,200.0,219.6642058087741,7.796607998898253,587.0281020033872,10889.095211735399
1714000103,20,,Aggregated,75.800000,0.000000,200,290,300,300,310,390,400,410,500,590,590,3685,0,200.0,219.5426785072217,7.796607998898253,587.0281020033872,10887.484124830393
1714000104,20,,Aggregated,76.100000,0.000000,200,290,300,300,310,390,400,410,500,590,590,3762,0,200.0,219.20225908375454,7.796607998898253,587.0281020033872,10877.782828282829
1714000105,20,,Aggregated,75.500000,0.000000,200,290,300,300,310,390,400,410,500,590,590,3842,0,200.0,219.53343583579613,7.796607998898253,587.0281020033872,10878.478656949506
1714000106,20,,Aggregated,75.200000,0.000000,200,290,300,300,310,390,400,410,500,590,590,3922,0,200.0,219.8283157272091,7.796607998898253,587.0281020033872,10890.72896481387
1714000107,20,,Aggregated,75.700000,0.000000,200,290,300,300,310,390,400,410,500,590,590,3990,0,200.0,220.02156298649385,7.796607998898253,587.0281020033872,10886.305764411027
1714000108,20,,Aggregated,75.900000,0.000000,200,290,300,300,310,390,400,410,500,590,590,4063,0,200.0,219.75752560204265,7.796607998898253,587.0281020033872,10882.068176224464
1714000109,20,,Aggregated,76.200000,0.000000,200,290,300,300,310,390,400,410,500,590,590,4142,0,200.0,220.09681358862903,7.796607998898253,587.0281020033872,10883.687831965235
1714000110,20,,Aggregated,75.200000,0.000000,200,290,300,300,310,390,400,410,500,590,590,4211,0,200.0,220.46152203445953,7.796607998898253,587.0281020033872,10882.559962004274
1714000111,20,,Aggregated,74.400000,0.000000,200,290,300,300,310,390,400,410,500,590,590,4281,0,200.0,220.47797745669456,7.796607998898253,587.0281020033872,10884.116795141323
1714000112,20,,Aggregated,74.900000,0.000000,200,290,300,300,310,390,400,410,500,590,590,4357,0,200.0,220.5234681400282,7.796607998898253,587.0281020033872,10877.073904062428
1714000113,20,,Aggregated,74.800000,0.000000,200,290,300,300,310,390,400,410,500,590,590,4434,0,200.0,221.0132131306174,7.796607998898253,587.0281020033872,10888.72304916554
1714000114,20,,Aggregated,74.300000,0.000000,200,290,300,300,310,390,400,410,500,590,590,4514,0,200.0,221.30084680331362,7.796607998898253,587.0281020033872,10892.032565352238
1714000115,20,,Aggregated,74.400000,0.000000,200,290,300,300,310,390,400,410,500,590,590,4585,0,200.0,221.27979966589908,7.796607998898253,587.0281020033872,10887.858887677208
1714000116,20,,Aggregated,74.900000,0.000000,200,290,300,300,310,390,400,410,500,590,590,4656,0,200.0,220.66894594354434,7.796607998898253,587.0281020033872,10884.754939862543
1714000117,20,,Aggregated,75.200000,0.000000,200,290,300,300,310,390,400,410,500,590,590,4736,0,200.0,220.89696845591385,7.796607998898253,587.0281020033872,10879.722761824325
1714000118,20,,Aggregated,74.300000,0.000000,200,290,300,300,310,390,400,410,500,590,590,4806,0,200.0,221.3699928057007,7.796607998898253,587.0281020033872,10881.519975031211
1714000119,20,,Aggregated,73.400000,0.000000,200,290,300,300,310,390,400,410,500,590,590,4879,0,200.0,221.76697553744748,7.796607998898253,587.0281020033872,10884.21131379381
1714000120,20,,Aggregated,74.600000,0.000000,200,290,300,300,310,390,400,410,500,590,590,4948,0,200.0,221.77080889192018,7.796607998898253,587.0281020033872,10882.821746160065
1714000121,20,,Aggregated,74.300000,0.000000,200,290,300,300,310,390,400,410,500,590,590,5023,0,200.0,222.109051418914,7.796607998898253,587.0281020033872,10884.149910412105
1714000122,20,,Aggregated,73.700000,0.000000,200,290,300,300,310,390,400,410,500,590,590,5095,0,200.0,222.2041902345805,7.796607998898253,587.0281020033872,10885.448675171738
1714000123,20,,Aggregated,73.700000,0.000000,200,290,300,300,310,390,400,410,500,590,590,5172,0,200.0,222.68596425274416,7.796607998898253,587.0281020033872,10884.181941221965
1714000124,20,,Aggregated,74.200000,0.000000,200,290,300,300,310,390,400,410,500,590,590,5245,0,200.0,222.15130226771836,7.796607998898253,587.0281020033872,10890.799428026692
1714000125,20,,Aggregated,73.800000,0.000000,200,290,300,300,310,390,400,410,500,590,590,5313,0,200.0,222.34541183947346,7.796607998898253,587.0281020033872,10881.950310559007
1714000126,20,,Aggregated,73.800000,0.000000,200,290,300,300,310,390,400,410,500,590,590,5398,0,200.0,222.54997506096458,7.796607998898253,587.0281020033872,10885.952019266395
1714000127,20,,Aggregated,72.800000,0.000000,200,290,300,300,310,390,400,410,500,590,590,5474,0,200.0,222.43050272599965,7.796607998898253,587.0281020033872,10883.859335038363
1714000128,20,,Aggregated,72.800000,0.000000,200,290,300,300,310,390,400,410,500,590,590,5546,0,200.0,222.4014710106658,7.796607998898253,587.0281020033872,10881.488279841327
1714000129,20,,Aggregated,74.200000,0.000000,200,290,300,300,310,390,400,410,500,590,590,5561,0,200.0,222.45532197053487,7.796607998898253,587.0281020033872,10884.64808487682
1714000130,20,,Aggregated,74.000000,0.000000,200,290,300,300,310,390,400,410,1100,1300,1300,5645,0,200.0,225.4679921233162,7.796607998898253,1291.5115419964422,10881.80230292294
1714000131,20,,Aggregated,68.200000,0.000000,200,290,300,300,310,390,400,410,1100,1300,1300,5724,0,200.0,225.64558148587483,7.796607998898253,1291.5115419964422,10887.877707896576
1714000132,20,,Aggregated,68.900000,0.000000,200,290,300,300,310,390,400,410,1100,1300,1300,5794,0,200.0,225.8623685744166,7.796607998898253,1291.5115419964422,10888.55298584743
1714000133,20,,Aggregated,68.700000,0.000000,200,290,300,300,310,390,400,410,1100,1300,1300,5868,0,200.0,225.37221973486427,7.796607998898253,1291.5115419964422,10888.349011588276
1714000134,20,,Aggregated,69.500000,0.000000,200,290,300,300,310,390,400,410,1100,1300,1300,5942,0,200.0,225.22285115771834,7.796607998898253,1291.5115419964422,10884.329182093572
1714000135,20,,Aggregated,69.100000,0.000000,200,290,300,300,310,390,400,410,1100,1300,1300,6016,0,200.0,225.280956181539,7.796607998898253,1291.5115419964422,10887.245844414894
1714000136,20,,Aggregated,69.100000,0.000000,200,290,300,300,310,390,400,410,1100,1300,1300,6093,0,200.0,225.34054580980825,7.796607998898253,1291.5115419964422,10886.509929427211
1714000137,20,,Aggregated,69.800000,0.000000,200,290,300,300,310,390,400,410,1100,1300,1300,6167,0,200.0,225.46094970312512,7.796607998898253,1291.5115419964422,10881.29998378466
1714000138,20,,Aggregated,68.800000,0.000000,200,290,300,300,310,390,400,410,1100,1300,1300,6243,0,200.0,225.67420842146043,7.796607998898253,1291.5115419964422,10884.009290405254
1714000139,20,,Aggregated,69.100000,0.000000,200,290,300,300,310,390,400,410,1100,1300,1300,6317,0,200.0,225.94360763830397,7.796607998898253,1291.5115419964422,10883.823650466993
1714000140,20,,Aggregated,68.500000,0.000000,200,290,300,300,310,390,400,410,1100,1300,1300,6388,0,200.0,226.14566692018738,7.796607998898253,1291.5115419964422,10888.83672510958
1714000141,20,,Aggregated,68.500000,0.000000,200,290,300,300,310,390,400,410,1100,1300,1300,6397,0,200.0,226.137218096474,7.796607998898253,1291.5115419964422,10885.54556823511
1714000142,20,,Aggregated,74.300000,0.000000,200,290,300,300,310,390,400,490,1200,1300,1300,6479,0,200.0,228.1681434078016,7.796607998898253,1291.5115419964422,10885.37351443124
1714000143,20,,Aggregated,68.700000,0.000000,200,290,300,300,310,390,400,490,1200,1300,1300,6554,0,200.0,227.7821995519005,7.796607998898253,1291.5115419964422,10887.241226731767
1714000144,20,,Aggregated,68.400000,0.000000,200,290,300,300,310,390,400,490,1200,1300,1300,6639,0,200.0,227.7777971274445,7.796607998898253,1291.5115419964422,10888.139930712457
1714000145,20,,Aggregated,68.500000,0.000000,200,290,300,300,310,390,400,490,1200,1300,1300,6711,0,200.0,227.63690346030063,7.796607998898253,1291.5115419964422,10887.554015794964
1714000146,20,,Aggregated,69.200000,0.000000,200,290,300,300,310,390,400,490,1200,1300,1300,6789,0,200.0,227.66032610400376,7.796607998898253,1291.5115419964422,10886.992193253793
1714000147,20,,Aggregated,69.100000,0.000000,200,290,300,300,310,390,400,490,1200,1300,1300,6863,0,200.0,227.92840767347744,7.796607998898253,1291.5115419964422,10884.671426489873
1714000148,20,,Aggregated,69.300000,0.000000,200,290,300,300,310,390,400,490,1200,1300,1300,6935,0,200.0,228.2256491857374,7.796607998898253,1291.5115419964422,10888.30237923576
1714000149,20,,Aggregated,69.000000,0.000000,200,290,300,300,310,390,400,480,1200,1300,1300,7009,0,200.0,227.90552801357336,7.796607998898253,1291.5115419964422,10888.840776144956
1714000150,20,,Aggregated,69.400000,0.000000,200,290,300,300,310,390,400,480,1200,1300,1300,7080,0,200.0,227.80745793123057,7.796607998898253,1291.5115419964422,10886.837711864408
1714000151,20,,Aggregated,69.400000,0.000000,200,290,300,300,310,390,400,480,1200,1300,1300,7149,0,200.0,227.755314097928,7.796607998898253,1291.5115419964422,10884.783326339348
1714000152,20,,Aggregated,69.400000,0.000000,200,290,300,300,310,390,400,420,1200,1300,1300,7233,0,200.0,227.79715211199607,7.796607998898253,1291.5115419964422,10886.959076455136
1714000153,20,,Aggregated,74.500000,0.000000,200,290,300,300,310,390,400,420,1200,1300,1300,7304,0,200.0,227.83098369620524,7.796607998898253,1291.5115419964422,10884.586117196057
1714000154,20,,Aggregated,74.400000,0.000000,200,290,300,300,310,390,400,420,1200,1300,1300,7377,0,200.0,227.8399021740688,7.796607998898253,1291.5115419964422,10886.649044326961
1714000155,20,,Aggregated,75.200000,0.000000,200,290,300,300,310,390,400,410,1200,1300,1300,7453,0,200.0,227.8763402974803,7.796607998898253,1291.5115419964422,10885.401449080908
1714000156,20,,Aggregated,74.300000,0.000000,200,290,300,300,310,390,400,410,1200,1300,1300,7534,0,200.0,228.02057022738907,7.796607998898253,1291.5115419964422,10888.191531722856
1714000157,20,,Aggregated,74.800000,0.000000,200,290,300,300,310,390,400,410,1200,1300,1300,7601,0,200.0,227.89508819617944,7.796607998898253,1291.5115419964422,10888.599526378108
1714000158,20,,Aggregated,74.600000,0.000000,200,290,300,300,310,390,400,410,1200,1300,1300,7679,0,200.0,227.65183118910502,7.796607998898253,1291.5115419964422,10884.515692147415
1714000159,20,,Aggregated,74.500000,0.000000,200,290,300,300,310,390,400,410,1200,1300,1300,7746,0,200.0,227.6882159903341,7.796607998898253,1291.5115419964422,10885.66473018332
1714000160,20,,Aggregated,74.500000,0.000000,200,290,300,300,310,390,400,410,1200,1300,1300,7824,0,200.0,227.868064238515,7.796607998898253,1291.5115419964422,10886.34509202454
1714000161,20,,Aggregated,73.800000,0.000000,200,290,300,300,310,390,400,410,1200,1300,1300,7903,0,200.0,227.9013578927086,7.796607998898253,1291.5115419964422,10887.00354295837
1714000162,20,,Aggregated,74.300000,0.000000,200,290,300,300,310,390,400,410,1200,1300,1300,7969,0,200.0,228.07927814783253,7.796607998898253,1291.5115419964422,10888.05546492659
1714000163,20,,Aggregated,75.100000,0.000000,200,290,300,300,310,390,400,410,1200,1300,1300,8042,0,200.0,228.25450398271994,7.796607998898253,1291.5115419964422,10888.835861725938
1714000164,20,,Aggregated,74.400000,0.000000,200,290,300,300,310,390,400,410,1200,1300,1300,8124,0,200.0,228.3238540460438,7.796607998898253,1291.5115419964422,10884.637001477106
1714000165,20,,Aggregated,73.800000,0.000000,200,290,300,300,310,390,400,410,1200,1300,1300,8190,1,200.0,228.2251513084317,7.796607998898253,1291.5115419964422,10888.190231990233
1714000166,20,,Aggregated,74.100000,0.000000,200,290,300,300,310,390,400,410,1200,1300,1300,8270,1,200.0,228.01995504474877,7.796607998898253,1291.5115419964422,10888.647762998791
1714000167,20,,Aggregated,73.000000,0.100000,200,290,300,300,310,390,400,410,1200,1300,1300,8342,1,200.0,228.06329915488942,7.796607998898253,1291.5115419964422,10887.27271637497
1714000168,20,,Aggregated,73.600000,0.100000,200,290,300,300,310,390,400,410,1200,1300,1300,8410,1,200.0,227.90229304198684,7.796607998898253,1291.5115419964422,10882.558382877527
1714000169,20,,Aggregated,73.600000,0.100000,200,290,300,300,310,390,400,410,1200,1300,1300,8485,1,200.0,228.08819511480212,7.796607998898253,1291.5115419964422,10883.946965232764
1714000170,20,,Aggregated,73.500000,0.100000,200,290,300,300,310,390,400,410,1200,1300,1300,8567,1,200.0,228.11167695623814,7.796607998898253,1291.5115419964422,10887.594840667678
1714000171,20,,Aggregated,73.400000,0.100000,200,290,300,300,310,390,400,410,1200,1300,1300,8642,1,200.0,228.24253454039274,7.796607998898253,1291.5115419964422,10889.211525109928
1714000172,20,,Aggregated,74.500000,0.100000,200,290,300,300,310,390,400,410,1200,1300,1300,8717,1,200.0,228.27495190547887,7.796607998898253,1291.5115419964422,10886.552713089366
1714000173,20,,Aggregated,74.000000,0.100000,200,290,300,300,310,390,400,410,1200,1300,1300,8785,1,200.0,228.0989840184471,7.796607998898253,1291.5115419964422,10887.125099601593
1714000174,20,,Aggregated,74.300000,0.100000,200,290,300,300,310,390,400,410,1200,1300,1300,8862,1,200.0,228.02434009930852,7.796607998898253,1291.5115419964422,10888.839539607312
1714000175,20,,Aggregated,74.300000,0.100000,200,290,300,300,310,390,400,410,1200,1300,1300,8934,1,200.0,228.06912753683636,7.796607998898253,1291.5115419964422,10886.543989254533
1714000176,20,,Aggregated,74.300000,0.100000,200,290,300,300,310,390,400,410,1200,1300,1300,9013,1,200.0,228.01877004595025,7.796607998898253,1291.5115419964422,10885.224897370465
1714000177,20,,Aggregated,75.200000,0.000000,200,290,300,300,310,390,400,410,1200,1300,1300,9093,1,200.0,228.02275554769153,7.796607998898253,1291.5115419964422,10885.204992851644
1714000178,20,,Aggregated,73.900000,0.000000,200,290,300,300,310,390,400,410,1200,1300,1300,9165,1,200.0,228.37127227410357,7.796607998898253,1291.5115419964422,10888.83578832515
1714000179,20,,Aggregated,74.700000,0.000000,200,290,300,300,310,390,400,410,1200,1300,1300,9235,1,200.0,228.52330561507,7.796607998898253,1291.5115419964422,10889.579101245263
1714000180,20,,Aggregated,74.500000,0.000000,200,290,300,300,310,390,400,410,1200,1300,1300,9307,1,200.0,228.41986239165652,7.796607998898253,1291.5115419964422,10888.498549478887
1714000181,20,,Aggregated,74.400000,0.000000,200,290,300,300,310,390,400,410,1200,1300,1300,9383,1,200.0,228.25124869009431,7.796607998898253,1291.5115419964422,10885.837258872429
1714000182,20,,Aggregated,73.400000,0.000000,200,290,300,300,310,390,400,410,1200,1300,1300,9457,1,200.0,228.38055343208026,7.796607998898253,1291.5115419964422,10885.201649571745
1714000183,20,,Aggregated,73.400000,0.000000,200,290,300,300,310,390,400,410,1200,1300,1300,9527,1,200.0,228.27417079439596,7.796607998898253,1291.5115419964422,10887.623071271124
1714000184,20,,Aggregated,73.200000,0.000000,200,290,300,300,310,390,400,410,1200,1300,1300,9604,1,200.0,228.27013817723775,7.796607998898253,1291.5115419964422,10885.727925864223
1714000185,20,,Aggregated,73.500000,0.000000,200,290,300,300,310,390,400,410,1200,1300,1300,9680,1,200.0,228.23483312357567,7.796607998898253,1291.5115419964422,10884.460537190083
1714000186,20,,Aggregated,72.900000,0.000000,200,290,300,300,310,390,400,410,1200,1300,1300,9757,1,200.0,228.43366766344096,7.796607998898253,1291.5115419964422,10887.444193912062
1714000187,20,,Aggregated,73.800000,0.000000,200,290,300,300,310,390,400,410,1200,1300,1300,9833,1,200.0,228.48780136562755,7.796607998898253,1291.5115419964422,10888.320654937455
1714000188,20,,Aggregated,74.000000,0.000000,200,290,300,300,310,390,400,410,1200,1300,1300,9905,1,200.0,228.40981654510455,7.796607998898253,1291.5115419964422,10885.20716809692
1714000189,20,,Aggregated,74.000000,0.000000,200,290,300,300,310,390,400,410,1200,1300,1300,9969,1,200.0,228.24614419001637,7.796607998898253,1291.5115419964422,10886.633864981442
1714000190,20,,Aggregated,74.400000,0.000000,200,290,300,300,310,390,400,410,1100,1200,1300,10047,1,200.0,228.4056086181217,7.796607998898253,1291.5115419964422,10885.2686374042
1714000191,20,,Aggregated,73.900000,0.000000,200,290,300,300,310,390,400,410,1100,1200,1300,10118,1,200.0,228.4475220010133,7.796607998898253,1291.5115419964422,10889.618106345128
1714000192,20,,Aggregated,73.700000,0.000000,200,290,300,300,310,390,400,410,1100,1200,1300,10193,1,200.0,228.34782210588133,7.796607998898253,1291.5115419964422,10885.96242519376
1714000193,20,,Aggregated,73.800000,0.000000,200,290,300,300,310,390,400,410,1100,1200,1300,10269,1,200.0,228.46891541135628,7.796607998898253,1291.5115419964422,10885.523517382413
1714000194,20,,Aggregated,74.600000,0.000000,200,290,300,300,310,390,400,410,1100,1200,1300,10344,1,200.0,228.66466971560433,7.796607998898253,1291.5115419964422,10886.132057231245
1714000195,20,,Aggregated,73.900000,0.000000,200,290,300,300,310,390,400,410,1100,1200,1300,10411,1,200.0,228.81554053032173,7.796607998898253,1291.5115419964422,10890.571991163193
1714000196,20,,Aggregated,74.300000,0.000000,200,290,300,300,310,390,400,410,1100,1200,1300,10491,1,200.0,228.68422639378332,7.796607998898253,1291.5115419964422,10888.541797731388
1714000197,20,,Aggregated,72.900000,0.000000,200,290,300,300,310,390,400,410,1100,1200,1300,10561,1,200.0,228.47466548718648,7.796607998898253,1291.5115419964422,10888.070258498248
1714000198,20,,Aggregated,73.600000,0.000000,200,290,300,300,310,390,400,410,1100,1200,1300,10628,1,200.0,228.61270689943325,7.796607998898253,1291.5115419964422,10885.509315016936
1714000199,20,,Aggregated,72.700000,0.000000,200,290,300,300,310,390,400,410,1100,1200,1300,10708,1,200.0,228.6593282168648,7.796607998898253,1291.5115419964422,10885.728333955922
1714000200,20,,Aggregated,72.000000,0.000000,200,290,300,300,310,390,400,410,1100,1200,1300,10776,1,200.0,228.7030222968804,7.796607998898253,1291.5115419964422,10888.473737936154
1714000201,20,,Aggregated,72.800000,0.000000,200,290,300,300,310,390,400,410,1100,1200,1300,10849,1,200.0,228.82610258467668,7.796607998898253,1291.5115419964422,10887.582081297816
1714000202,20,,Aggregated,72.800000,0.000000,200,290,300,300,310,390,400,410,1100,1200,1300,10930,1,200.0,228.80515803596933,7.796607998898253,1291.5115419964422,10888.581610247027
1714000203,20,,Aggregated,73.200000,0.000000,200,290,300,300,310,390,400,410,1100,1200,1300,11003,1,200.0,228.910015813519,7.796607998898253,1291.5115419964422,10888.901572298464
1714000204,20,,Aggregated,72.800000,0.000000,200,290,300,300,310,390,400,410,1100,1200,1300,11074,1,200.0,228.83621622016742,7.796607998898253,1291.5115419964422,10889.059960267292
1714000205,20,,Aggregated,73.500000,0.000000,200,290,300,300,310,390,400,410,1100,1200,1300,11148,1,200.0,228.6211240733885,7.796607998898253,1291.5115419964422,10887.071941155364
1714000206,20,,Aggregated,73.400000,0.000000,200,290,300,300,310,390,400,410,1100,1200,1300,11226,1,200.0,228.47492402468984,7.796607998898253,1291.5115419964422,10886.652948512383
1714000207,20,,Aggregated,73.200000,0.000000,200,290,300,300,310,390,400,410,1100,1200,1300,11298,1,200.0,228.66359747850646,7.796607998898253,1291.5115419964422,10886.326783501505
1714000208,20,,Aggregated,73.200000,0.000000,200,290,300,300,310,390,400,410,1100,1200,1300,11348,1,200.0,228.7131324235271,7.796607998898253,1291.5115419964422,10888.116760662671
1714000209,20,,Aggregated,74.000000,0.000000,200,290,300,300,310,390,400,490,1200,1200,1300,11392,1,200.0,229.95898456392405,7.796607998898253,1291.5115419964422,10886.98832514045
1714000210,20,,Aggregated,73.400000,0.000000,200,290,300,300,310,390,400,490,1200,1200,1300,11474,1,200.0,229.97477874805762,7.796607998898253,1291.5115419964422,10888.14328046017
1714000211,20,,Aggregated,69.300000,0.000000,200,290,300,300,310,390,400,490,1200,1200,1300,11517,1,200.0,230.61783189973303,7.796607998898253,1291.5115419964422,10891.194408266041
1714000212,20,,Aggregated,69.900000,0.000000,200,290,300,300,310,390,400,490,1200,1200,1300,11589,1,200.0,230.80312143379282,7.796607998898253,1291.5115419964422,10887.679264820088
1714000213,20,,Aggregated,66.600000,0.000000,200,290,300,300,310,390,400,490,1200,1200,1300,11664,1,200.0,230.74169051442365,7.796607998898253,1291.5115419964422,10890.969478737998
1714000214,20,,Aggregated,66.200000,0.000000,200,290,300,300,310,390,400,490,1200,1200,1300,11734,1,200.0,230.6905365743349,7.796607998898253,1291.5115419964422,10888.96872336799
1714000215,20,,Aggregated,65.800000,0.000000,200,290,300,300,310,390,400,490,1200,1200,1300,11801,1,200.0,230.63201980131194,7.796607998898253,1291.5115419964422,10889.027031607491
1714000216,20,,Aggregated,65.800000,0.000000,200,290,300,300,310,390,400,490,1200,1200,1300,11882,1,200.0,230.58438489709525,7.796607998898253,1291.5115419964422,10888.221932334623
1714000217,20,,Aggregated,65.700000,0.000000,200,290,300,300,310,390,400,490,1200,1200,1300,11960,1,200.0,230.594527839158,7.796607998898253,1291.5115419964422,10888.551923076922
1714000218,20,,Aggregated,65.400000,0.000000,200,290,300,300,310,390,400,490,1100,1200,1300,12033,1,200.0,230.662410495579,7.796607998898253,1291.5115419964422,10887.531372060168
1714000219,20,,Aggregated,65.300000,0.000000,200,290,300,300,310,390,400,490,1100,1200,1300,12106,1,200.0,230.63240543426784,7.796607998898253,1291.5115419964422,10889.782834957872
1714000220,20,,Aggregated,66.800000,0.000000,200,290,300,300,310,390,400,490,1100,1200,1300,12180,1,200.0,230.79402077612858,7.796607998898253,1291.5115419964422,10889.082183908045
1714000221,20,,Aggregated,71.100000,0.000000,200,290,300,300,310,390,400,490,1100,1200,1300,12256,1,200.0,230.72274270481913,7.796607998898253,1291.5115419964422,10888.608273498694
1714000222,20,,Aggregated,70.600000,0.000000,200,290,300,300,310,390,400,490,1100,1200,1300,12325,1,200.0,230.61311401178463,7.796607998898253,1291.5115419964422,10889.211926977687
1714000223,20,,Aggregated,74.000000,0.000000,200,290,300,300,310,390,400,490,1100,1200,1300,12401,1,200.0,230.47467153433016,7.796607998898253,1291.5115419964422,10887.960406418837
1714000224,20,,Aggregated,73.700000,0.000000,200,290,300,300,310,390,400,490,1100,1200,1300,12476,1,200.0,230.4061121955948,7.796607998898253,1291.5115419964422,10888.491263225393
