Timestamp,User Count,Type,Name,Requests/s,Failures/s,50%,66%,75%,80%,90%,95%,98%,99%,99.9%,99.99%,100%,Total Request Count,Total Failure Count,Total Median Response Time,Total Average Response Time,Total Min Response Time,Total Max Response Time,Total Average Content Size
1714503800,0,,Aggregated,0.000000,0.000000,N/A,N/A,N/A,N/A,N/A,N/A,N/A,N/A,N/A,N/A,N/A,0,0,0,0.0,0,0,0
1714503801,10,,Aggregated,0.000000,0.000000,110,120,190,190,200,200,200,200,200,200,200,71,0,110.0,123.077010365103,10.401100997114554,201.56124299683142,10175.676056338029
1714503802,20,,Aggregated,0.000000,0.000000,190,200,290,310,380,400,490,490,490,490,490,139,0,190.0,196.11325077612034,10.401100997114554,494.26159099675715,10760.68345323741
1714503803,28,,Aggregated,10.000000,0.000000,200,300,320,330,410,430,490,490,600,600,600,206,0,200.0,231.9826141153225,10.401100997114554,595.9273829939775,10682.480582524271
1714503804,28,,Aggregated,41.500000,0.000000,210,310,380,390,420,500,590,600,700,700,700,300,0,210.0,263.7465659226291,10.401100997114554,696.310214989353,10582.666666666666
1714503805,28,,Aggregated,52.333333,0.000000,290,330,390,400,490,500,590,600,700,700,700,378,0,290.0,280.366144041759,10.401100997114554,696.310214989353,10689.16402116402
1714503806,28,,Aggregated,57.500000,0.000000,300,380,400,410,490,500,600,610,700,700,700,447,0,300.0,292.35380710897863,10.401100997114554,696.310214989353,10844.65548098434
1714503807,28,,Aggregated,63.800000,0.000000,300,380,400,410,490,500,590,610,700,700,700,536,0,300.0,297.3014589528003,10.401100997114554,696.310214989353,10870.557835820895
1714503808,28,,Aggregated,65.833333,0.000000,300,390,400,410,500,500,590,600,700,700,700,621,0,300.0,300.95402434248564,10.401100997114554,696.310214989353,10811.03381642512
1714503809,28,,Aggregated,66.571429,0.000000,300,390,400,410,500,500,590,600,700,700,700,696,0,300.0,299.63175112032167,10.401100997114554,696.310214989353,10866.630747126437
1714503810,28,,Aggregated,69.250000,0.000000,300,390,400,410,490,500,590,600,700,700,700,768,0,300.0,298.8192691050055,10.401100997114554,696.310214989353,10816.963541666666
1714503811,28,,Aggregated,70.444444,0.000000,300,390,400,410,500,500,600,600,700,700,700,850,0,300.0,304.88466417247446,10.401100997114554,696.310214989353,10850.268235294117
1714503812,28,,Aggregated,70.600000,0.000000,300,390,400,410,500,500,590,600,700,700,700,921,0,300.0,303.3210503404772,10.401100997114554,696.310214989353,10865.653637350706
1714503813,28,,Aggregated,77.300000,0.000000,300,390,400,410,500,500,590,600,700,700,700,999,0,300.0,301.05370707468836,10.401100997114554,696.310214989353,10841.347347347348
1714503814,28,,Aggregated,77.800000,0.000000,300,390,400,410,500,500,590,600,680,700,700,1076,0,300.0,302.96106326169445,10.401100997114554,696.310214989353,10832.350371747212
1714503815,28,,Aggregated,78.000000,0.000000,300,390,400,410,500,510,590,600,680,700,700,1156,0,300.0,306.32898151432397,10.401100997114554,696.310214989353,10824.78892733564
1714503816,28,,Aggregated,77.800000,0.000000,300,390,400,410,500,510,590,600,680,700,700,1239,0,300.0,308.2787427139055,10.401100997114554,696.310214989353,10838.322033898305
1714503817,28,,Aggregated,77.400000,0.000000,300,390,400,410,500,510,590,600,680,700,700,1315,0,300.0,311.6529465592692,10.401100997114554,696.310214989353,10854.669201520912
1714503818,28,,Aggregated,77.700000,0.000000,300,390,400,410,500,510,590,600,680,700,700,1391,0,300.0,313.0102440736638,10.401100997114554,696.310214989353,10870.35873472322
1714503819,28,,Aggregated,78.100000,0.000000,300,390,400,410,500,510,590,600,680,700,700,1470,0,300.0,313.81994507180093,10.401100997114554,696.310214989353,10851.047619047618
1714503820,28,,Aggregated,77.300000,0.000000,300,390,400,410,500,510,590,600,680,700,700,1541,0,300.0,313.5700008426448,10.401100997114554,696.310214989353,10872.193380921479
1714503821,28,,Aggregated,76.900000,0.000000,300,390,400,410,500,510,590,600,680,700,700,1621,0,300.0,313.4586116610306,10.401100997114554,696.310214989353,10858.421961752005
1714503822,28,,Aggregated,76.600000,0.000000,300,390,400,410,500,510,590,600,680,700,700,1696,0,300.0,313.08488901096047,10.401100997114554,696.310214989353,10864.383844339623
1714503823,28,,Aggregated,76.800000,0.000000,300,390,400,410,500,500,590,600,680,700,700,1775,0,300.0,313.3109970115663,10.401100997114554,696.310214989353,10868.087323943662
1714503824,28,,Aggregated,76.500000,0.000000,300,390,400,410,500,500,590,600,680,700,700,1849,0,300.0,313.0165957092889,10.401100997114554,696.310214989353,10853.017847485127
1714503825,28,,Aggregated,76.800000,0.000000,300,390,400,410,500,500,590,600,680,700,700,1927,0,300.0,312.6875398450456,10.401100997114554,696.310214989353,10848.796056045667
1714503826,28,,Aggregated,77.300000,0.000000,300,390,400,410,500,510,590,600,610,700,700,2010,0,300.0,313.54616829821094,10.401100997114554,696.310214989353,10849.425373134329
1714503827,28,,Aggregated,76.500000,0.000000,300,390,400,410,500,510,590,600,610,700,700,2089,0,300.0,315.18347822423135,10.401100997114554,696.310214989353,10862.351364289134
1714503828,28,,Aggregated,75.800000,0.000000,300,390,400,410,500,510,590,600,610,700,700,2165,0,300.0,316.1739920874935,10.401100997114554,696.310214989353,10864.060969976905
1714503829,28,,Aggregated,76.600000,0.000000,300,390,400,410,500,510,590,600,610,700,700,2247,0,300.0,316.23584281198254,10.401100997114554,696.310214989353,10869.645749888741
1714503830,28,,Aggregated,76.400000,0.000000,300,390,400,410,500,510,590,600,680,700,700,2321,0,300.0,317.1455792927527,10.401100997114554,701.2961159925908,10872.20508401551
1714503831,28,,Aggregated,76.800000,0.000000,300,390,400,410,500,510,590,600,680,700,700,2392,0,300.0,316.19213013023744,10.401100997114554,701.2961159925908,10869.390886287625
1714503832,28,,Aggregated,78.300000,0.000000,300,390,400,410,500,510,590,600,680,700,700,2471,0,300.0,314.97840536768905,10.401100997114554,701.2961159925908,10858.247268312423
1714503833,28,,Aggregated,77.700000,0.000000,300,390,400,410,500,510,590,600,680,700,700,2539,0,300.0,316.0558616815601,10.401100997114554,701.2961159925908,10865.401732965734
1714503834,28,,Aggregated,77.300000,0.000000,300,390,400,410,500,510,590,600,680,700,700,2621,0,300.0,315.2012785576073,10.401100997114554,701.2961159925908,10864.352155665776
1714503835,28,,Aggregated,76.900000,0.000000,300,390,400,410,500,510,590,600,680,700,700,2697,0,300.0,315.5422324866704,10.401100997114554,701.2961159925908,10864.770114942528
1714503836,28,,Aggregated,77.600000,0.000000,300,390,400,410,500,510,590,600,700,700,700,2766,0,300.0,317.28877472363985,10.401100997114554,701.2961159925908,10860.536514822848
1714503837,28,,Aggregated,76.700000,0.000000,300,390,400,410,500,510,590,600,700,700,700,2852,0,300.0,317.47498010751616,10.401100997114554,701.2961159925908,10861.983870967742
1714503838,28,,Aggregated,77.200000,0.000000,300,390,400,410,500,510,590,600,700,700,700,2937,0,300.0,318.0774829723024,10.401100997114554,701.2961159925908,10873.570309839974
1714503839,28,,Aggregated,76.400000,0.000000,300,390,400,410,500,510,590,600,680,700,700,3013,0,300.0,317.9774703208159,10.401100997114554,701.2961159925908,10865.38400265516
1714503840,28,,Aggregated,76.500000,0.000000,300,390,400,410,500,510,590,600,680,700,700,3089,0,300.0,318.628533428178,10.401100997114554,701.2961159925908,10869.087083198447
1714503841,28,,Aggregated,77.100000,0.000000,300,400,400,410,500,510,590,600,680,700,700,3168,0,300.0,319.18370055415255,10.401100997114554,701.2961159925908,10878.480113636364
1714503842,28,,Aggregated,76.300000,0.000000,300,390,400,410,500,510,590,600,680,700,700,3233,0,300.0,318.56595719781257,10.401100997114554,701.2961159925908,10870.759356634704
1714503843,28,,Aggregated,77.200000,0.000000,300,390,400,410,500,510,590,600,680,700,700,3300,0,300.0,318.6559341395465,10.401100997114554,701.2961159925908,10862.978484848485
1714503844,28,,Aggregated,77.400000,0.000000,300,390,400,410,500,510,590,600,680,700,700,3380,0,300.0,317.83963588860144,10.401100997114554,701.2961159925908,10860.370710059171
1714503845,28,,Aggregated,76.400000,0.000000,300,390,400,410,500,510,590,600,680,700,700,3460,0,300.0,317.91778423022595,10.401100997114554,701.2961159925908,10868.636994219652
1714503846,28,,Aggregated,75.300000,0.000000,300,390,400,410,500,510,590,600,680,700,700,3539,0,300.0,318.4364870377327,10.401100997114554,701.2961159925908,10869.056230573608
1714503847,28,,Aggregated,76.800000,0.000000,300,400,400,410,500,510,590,600,700,700,700,3608,0,300.0,319.41431078949694,10.401100997114554,703.7827900057891,10859.208148558759
1714503848,28,,Aggregated,76.100000,0.000000,300,400,400,410,500,510,590,600,700,700,700,3691,0,300.0,319.3721112713241,10.401100997114554,703.7827900057891,10863.228122460037
1714503849,28,,Aggregated,76.800000,0.000000,300,390,400,410,500,510,590,600,700,700,700,3777,0,300.0,319.64613638216633,10.401100997114554,703.7827900057891,10870.068043420704
1714503850,28,,Aggregated,75.800000,0.000000,300,400,400,410,500,510,600,600,700,700,700,3849,0,300.0,319.8277797226501,10.401100997114554,703.7827900057891,10872.848272278514
1714503851,28,,Aggregated,75.400000,0.000000,300,400,400,410,500,510,600,600,700,700,700,3929,0,300.0,320.2911142187347,10.401100997114554,703.7827900057891,10873.788750318146
1714503852,28,,Aggregated,76.300000,0.000000,300,400,400,410,500,510,600,600,700,700,700,4004,0,300.0,320.6080357403672,10.401100997114554,703.7827900057891,10881.321678321678
1714503853,28,,Aggregated,75.800000,0.000000,300,400,400,410,500,510,600,600,700,700,700,4082,0,300.0,319.6234434172949,10.401100997114554,703.7827900057891,10876.256491915728
1714503854,28,,Aggregated,76.600000,0.000000,300,390,400,410,500,510,600,600,700,700,700,4146,0,300.0,318.963850163868,10.401100997114554,703.7827900057891,10873.897973950796
1714503855,28,,Aggregated,77.200000,0.000000,300,390,400,410,500,510,590,600,700,700,700,4223,0,300.0,318.8126394209045,10.401100997114554,703.7827900057891,10863.324650722236
1714503856,28,,Aggregated,77.700000,0.000000,300,400,400,410,500,510,600,600,700,700,700,4297,0,300.0,319.5952799963846,10.401100997114554,703.7827900057891,10868.185478240634
1714503857,28,,Aggregated,76.000000,0.000000,300,400,400,410,500,510,600,600,700,700,700,4369,0,300.0,320.4944361273657,10.401100997114554,703.7827900057891,10875.23781185626
1714503858,28,,Aggregated,76.600000,0.000000,300,400,400,410,500,510,600,600,700,700,700,4447,0,300.0,320.74622917258574,10.401100997114554,703.7827900057891,10870.271418934113
1714503859,28,,Aggregated,75.900000,0.000000,300,400,400,410,500,510,600,600,700,700,700,4523,0,300.0,321.4975460434301,10.401100997114554,704.0296149934875,10861.305107229715
1714503860,28,,Aggregated,76.300000,0.000000,300,400,400,410,500,510,600,600,700,700,700,4599,0,300.0,321.66046649062844,10.401100997114554,704.0296149934875,10866.652750597956
1714503861,28,,Aggregated,75.500000,0.000000,300,400,400,410,500,510,600,600,700,700,700,4679,0,300.0,322.2506980056545,10.401100997114554,704.0296149934875,10874.390468048729
1714503862,28,,Aggregated,74.800000,0.000000,300,400,400,410,500,510,600,600,700,700,700,4751,0,300.0,322.5475346797373,10.401100997114554,704.0296149934875,10877.928436118711
1714503863,28,,Aggregated,75.300000,0.000000,300,400,400,410,500,510,600,600,700,700,700,4827,0,300.0,322.3568940475368,10.401100997114554,704.0296149934875,10873.643463849181
1714503864,28,,Aggregated,75.000000,0.000000,300,400,400,410,500,510,600,600,700,700,700,4894,0,300.0,322.41378703054613,10.401100997114554,704.0296149934875,10872.813445034737
1714503865,28,,Aggregated,75.000000,0.000000,300,400,400,410,500,510,600,600,700,700,700,4963,0,300.0,321.7620897597209,10.401100997114554,704.0296149934875,10869.421922224461
1714503866,28,,Aggregated,74.100000,0.000000,300,400,400,410,500,510,600,600,700,700,700,5028,0,300.0,321.77829407229353,10.401100997114554,704.0296149934875,10867.380270485282
1714503867,28,,Aggregated,74.900000,0.000000,300,400,400,410,500,510,600,600,700,710,710,5112,0,300.0,322.6242086458227,10.401100997114554,706.7185729974881,10866.735719874805
1714503868,28,,Aggregated,74.300000,0.000000,300,400,400,410,500,510,600,600,700,710,710,5191,0,300.0,323.31321262502024,10.401100997114554,706.7185729974881,10870.396070121364
1714503869,28,,Aggregated,74.100000,0.000000,300,400,400,410,500,510,600,600,700,710,710,5263,0,300.0,323.38247195790365,10.401100997114554,706.7185729974881,10873.97890936728
1714503870,28,,Aggregated,75.000000,0.000000,300,400,400,410,500,510,600,600,700,710,710,5336,0,300.0,323.6611198389019,10.401100997114554,706.7185729974881,10870.95352323838
1714503871,28,,Aggregated,74.400000,0.000000,300,400,400,410,500,510,600,600,700,710,710,5409,0,300.0,324.310981337478,10.401100997114554,706.7185729974881,10866.145498243668
1714503872,28,,Aggregated,74.000000,0.000000,300,400,400,410,500,510,600,600,700,710,710,5492,0,300.0,324.4095622845047,10.401100997114554,706.7185729974881,10875.382374362709
1714503873,28,,Aggregated,73.400000,0.000000,300,400,400,410,500,510,600,600,700,710,710,5563,0,300.0,324.8509438002071,10.401100997114554,706.7185729974881,10877.234226136976
1714503874,28,,Aggregated,73.700000,0.000000,300,400,400,410,500,510,600,600,700,710,710,5638,0,300.0,324.77374243764785,10.401100997114554,706.7185729974881,10873.023235189783
1714503875,28,,Aggregated,73.800000,0.000000,300,400,400,410,500,510,600,600,700,710,710,5709,0,300.0,324.53996387885996,10.401100997114554,706.7185729974881,10873.977228936767
1714503876,28,,Aggregated,74.100000,0.000000,300,400,400,410,500,510,600,600,700,710,710,5783,0,300.0,324.09971367809175,10.401100997114554,706.7185729974881,10866.846100639807
1714503877,28,,Aggregated,74.200000,0.000000,300,400,400,410,500,510,600,600,700,710,710,5866,0,300.0,323.4505680075751,10.401100997114554,706.7185729974881,10865.941356972384
1714503878,28,,Aggregated,74.300000,0.000000,300,400,400,410,500,510,600,600,700,710,710,5942,0,300.0,324.1780751505148,10.401100997114554,706.7185729974881,10868.064624705486
1714503879,28,,Aggregated,74.500000,0.000000,300,400,400,410,500,510,600,600,700,710,710,6021,0,300.0,324.1968271196485,10.401100997114554,706.7185729974881,10872.378508553396
1714503880,28,,Aggregated,74.200000,0.000000,300,400,400,410,500,510,600,600,700,710,710,6094,0,300.0,324.59191550663667,10.401100997114554,706.7185729974881,10868.576632753528
1714503881,28,,Aggregated,75.100000,0.000000,300,400,400,410,500,510,600,600,700,710,710,6172,0,300.0,324.93880729315504,10.401100997114554,706.7185729974881,10872.555087491899
1714503882,28,,Aggregated,75.400000,0.000000,300,400,400,410,500,510,600,600,700,710,710,6250,0,300.0,325.06940002533867,10.401100997114554,706.7185729974881,10873.28896
1714503883,28,,Aggregated,75.000000,0.000000,300,400,400,410,500,510,600,600,700,710,710,6334,0,300.0,325.02410110077454,10.401100997114554,706.7185729974881,10874.901641932429
1714503884,28,,Aggregated,74.800000,0.000000,300,400,400,410,500,510,600,600,700,710,710,6404,0,300.0,325.5865801657139,10.401100997114554,706.7185729974881,10875.696283572766
1714503885,28,,Aggregated,75.200000,0.000000,300,400,400,410,500,510,600,600,700,710,710,6477,0,300.0,325.3140140182583,10.401100997114554,706.7185729974881,10873.319901188823
1714503886,28,,Aggregated,76.600000,0.000000,300,400,400,410,500,510,600,600,700,710,710,6546,0,300.0,324.8386837162071,10.401100997114554,706.7185729974881,10870.357164680721
1714503887,28,,Aggregated,76.000000,0.000000,300,400,400,410,500,510,600,600,700,710,710,6625,0,300.0,324.47035599581875,10.401100997114554,706.7185729974881,10865.41916981132
1714503888,28,,Aggregated,76.200000,0.000000,300,400,400,410,500,510,600,600,700,710,710,6701,0,300.0,324.383236331646,10.401100997114554,706.7185729974881,10866.454409789583
1714503889,28,,Aggregated,75.600000,0.000000,300,400,400,410,500,510,600,600,700,710,710,6782,0,300.0,324.66019902644933,10.401100997114554,706.7185729974881,10872.628133294014
1714503890,28,,Aggregated,75.600000,0.000000,300,400,400,410,500,510,600,600,700,710,710,6855,0,300.0,324.97205539393116,10.401100997114554,706.7185729974881,10873.353026987601
1714503891,28,,Aggregated,75.500000,0.000000,300,400,400,410,500,510,600,600,700,710,710,6939,0,300.0,324.92724313538207,10.401100997114554,706.7185729974881,10874.194840755152
1714503892,28,,Aggregated,75.900000,0.000000,300,400,400,410,500,510,600,600,700,710,710,7022,0,300.0,324.8039330944718,10.401100997114554,706.7185729974881,10871.616918256907
1714503893,28,,Aggregated,76.000000,0.000000,300,400,400,410,500,510,600,600,700,710,710,7094,0,300.0,325.0274902124815,10.401100997114554,706.7185729974881,10871.668170284747
1714503894,28,,Aggregated,76.600000,0.000000,300,400,400,410,500,510,600,600,700,710,710,7166,0,300.0,325.3234834135233,10.401100997114554,706.7185729974881,10872.740440971253
1714503895,28,,Aggregated,77.300000,0.000000,300,400,410,410,500,510,600,600,700,710,710,7248,0,300.0,325.5355081737354,10.401100997114554,706.7185729974881,10874.87362030905
1714503896,28,,Aggregated,75.900000,0.000000,300,400,410,410,500,510,600,600,700,710,710,7310,0,300.0,325.7628750165876,10.401100997114554,706.7185729974881,10874.558960328317
1714503897,28,,Aggregated,76.200000,0.000000,300,400,400,410,500,510,600,600,700,710,710,7379,0,300.0,325.0647205986287,10.401100997114554,706.7185729974881,10872.231738717983
1714503898,28,,Aggregated,77.100000,0.000000,300,400,400,410,500,510,600,600,700,710,710,7454,0,300.0,325.1299773631972,10.401100997114554,706.7185729974881,10867.833646364368
1714503899,28,,Aggregated,76.400000,0.000000,300,400,400,410,500,510,600,600,700,710,710,7531,0,300.0,325.16200000719886,10.401100997114554,706.7185729974881,10874.19598990838
1714503900,28,,Aggregated,75.400000,0.000000,300,400,400,410,500,510,600,600,700,710,710,7610,0,300.0,325.1887409175052,10.401100997114554,706.7185729974881,10873.681865965835
1714503901,28,,Aggregated,75.300000,0.000000,300,400,410,410,500,510,600,600,700,710,710,7683,0,300.0,325.5975370776082,10.401100997114554,706.7185729974881,10874.291943251334
1714503902,28,,Aggregated,74.900000,0.000000,300,400,410,410,500,510,600,600,700,710,710,7761,0,300.0,325.79469278189566,10.401100997114554,706.7185729974881,10871.303182579564
1714503903,28,,Aggregated,75.500000,0.000000,300,400,410,410,500,510,600,600,700,710,710,7843,0,300.0,325.74488822317034,10.401100997114554,706.7185729974881,10867.102511793957
1714503904,28,,Aggregated,74.300000,0.000000,300,400,410,420,500,510,600,600,700,710,710,7919,0,300.0,325.93542633694034,10.401100997114554,706.7185729974881,10873.536052531885
1714503905,28,,Aggregated,73.800000,0.000000,300,400,410,420,500,510,600,600,700,710,710,7985,0,300.0,326.1508810201862,10.401100997114554,706.7185729974881,10875.2
1714503906,28,,Aggregated,74.900000,0.000000,300,400,410,420,500,510,600,600,700,710,710,8074,0,300.0,326.27710831076985,10.401100997114554,706.7185729974881,10879.42828833292
1714503907,28,,Aggregated,75.300000,0.000000,300,400,410,420,500,510,600,600,700,710,710,8138,0,300.0,326.0706490248421,10.401100997114554,706.7185729974881,10877.599901695748
1714503908,28,,Aggregated,73.700000,0.000000,300,400,410,410,500,510,600,600,700,710,710,8216,0,300.0,325.41776705625716,10.401100997114554,706.7185729974881,10873.953140214217
1714503909,28,,Aggregated,76.400000,0.000000,300,400,410,420,500,510,600,600,700,710,710,8285,0,300.0,325.48735438603427,10.401100997114554,706.7185729974881,10873.189257694628
1714503910,28,,Aggregated,75.900000,0.000000,300,400,410,420,500,510,600,600,700,710,710,8358,0,300.0,325.6683948489305,10.401100997114554,706.7185729974881,10870.661282603494
1714503911,28,,Aggregated,76.300000,0.000000,300,400,410,420,500,510,600,600,700,710,710,8441,0,300.0,325.6565097246052,10.401100997114554,706.7185729974881,10870.154839473997
1714503912,28,,Aggregated,75.400000,0.000000,300,400,410,420,500,510,600,600,700,710,710,8518,0,300.0,326.0624214972301,10.401100997114554,706.7185729974881,10873.019840338107
1714503913,28,,Aggregated,74.800000,0.000000,300,400,410,420,500,510,600,600,700,710,710,8594,0,300.0,326.20332579187345,10.401100997114554,706.7185729974881,10874.451826855946
1714503914,28,,Aggregated,75.900000,0.000000,300,400,410,420,500,510,600,600,700,710,710,8674,0,300.0,326.0775413533925,10.401100997114554,706.7185729974881,10873.20163707632
1714503915,28,,Aggregated,75.700000,0.000000,300,400,410,420,500,510,600,600,700,710,710,8738,0,300.0,326.24265555336365,10.401100997114554,706.7185729974881,10875.207827878234
1714503916,28,,Aggregated,75.200000,0.000000,300,400,410,420,500,510,600,610,910,1100,1100,8792,0,300.0,327.58774651766134,10.401100997114554,1098.0751889874227,10876.53423566879
1714503917,28,,Aggregated,75.500000,0.000000,300,400,410,420,500,510,600,610,910,1100,1100,8871,0,300.0,327.55460516845767,10.401100997114554,1098.0751889874227,10873.824258820878
1714503918,28,,Aggregated,75.300000,0.000000,300,400,410,420,500,510,600,610,910,1100,1100,8942,0,300.0,327.4305859952337,10.401100997114554,1098.0751889874227,10876.142473719527
1714503919,28,,Aggregated,71.800000,0.000000,300,400,410,420,500,510,600,610,900,1100,1100,9017,0,300.0,327.6622363588025,10.401100997114554,1098.0751889874227,10874.903293778418
1714503920,28,,Aggregated,73.300000,0.000000,300,400,410,420,500,510,600,610,900,1100,1100,9089,0,300.0,327.07932102787646,10.401100997114554,1098.0751889874227,10875.162724172076
1714503921,28,,Aggregated,72.500000,0.000000,300,400,410,420,500,510,600,610,900,1100,1100,9170,0,300.0,327.09618407364405,10.401100997114554,1098.0751889874227,10874.154307524537
1714503922,28,,Aggregated,73.200000,0.000000,300,400,410,420,500,520,600,610,900,1100,1100,9241,0,300.0,327.30806837770183,10.401100997114554,1098.0751889874227,10873.798723081918
1714503923,28,,Aggregated,73.200000,0.000000,300,400,410,420,500,510,600,610,900,1100,1100,9321,0,300.0,327.31832125666386,10.401100997114554,1098.0751889874227,10873.01823838644
1714503924,28,,Aggregated,72.800000,0.000000,300,400,410,420,500,520,600,610,900,1100,1100,9397,0,300.0,327.51838027512184,10.401100997114554,1098.0751889874227,10872.584122592316
1714503925,28,,Aggregated,72.300000,0.000000,300,400,410,420,500,520,600,610,900,1100,1100,9470,0,300.0,327.7589226782722,10.401100997114554,1098.0751889874227,10876.265892291447
1714503926,28,,Aggregated,72.700000,0.000000,300,400,410,420,500,520,600,610,900,1100,1100,9543,0,300.0,327.8923723625998,10.401100997114554,1098.0751889874227,10872.741485905899
1714503927,28,,Aggregated,72.300000,0.000000,300,400,410,470,500,520,600,610,900,1100,1100,9622,0,300.0,328.0450178081709,10.401100997114554,1098.0751889874227,10877.526397838286
1714503928,28,,Aggregated,73.200000,0.000000,300,400,410,480,500,520,600,610,900,1100,1100,9686,0,300.0,328.36316521569677,10.401100997114554,1098.0751889874227,10877.795271525914
1714503929,28,,Aggregated,75.100000,0.000000,300,400,410,480,500,520,600,610,900,1100,1100,9764,0,300.0,328.14183783359357,10.401100997114554,1098.0751889874227,10878.14553461696
1714503930,28,,Aggregated,75.100000,0.000000,300,400,410,480,500,520,600,610,900,1100,1100,9835,0,300.0,328.1524634154739,10.401100997114554,1098.0751889874227,10874.782409761057
1714503931,28,,Aggregated,74.500000,0.000000,300,400,410,430,500,520,600,610,900,1100,1100,9914,0,300.0,327.6503042922379,10.401100997114554,1098.0751889874227,10876.696994149688
1714503932,28,,Aggregated,74.700000,0.000000,300,400,410,480,500,520,600,610,980,1100,1100,9934,0,300.0,328.1529285033425,10.401100997114554,1098.0751889874227,10873.874572176364
1714503933,28,,Aggregated,74.500000,0.000000,300,400,410,480,500,580,600,610,1200,1400,1400,9994,0,300.0,329.6894803965633,10.401100997114554,1397.9457059904234,10875.02141284771
1714503934,28,,Aggregated,74.400000,0.000000,300,400,410,480,500,590,600,690,1200,1400,1400,10051,0,300.0,331.0994833665585,10.401100997114554,1397.9457059904234,10873.953138991144
1714503936,28,,Aggregated,69.300000,0.000000,300,400,410,480,500,590,600,690,1200,1400,1400,10109,0,300.0,331.17479502416273,10.401100997114554,1397.9457059904234,10872.66534770996
1714503937,28,,Aggregated,65.400000,0.000000,300,400,410,480,500,590,600,710,1200,1400,1400,10160,0,300.0,332.93073410622515,10.401100997114554,1397.9457059904234,10873.712401574803
1714503938,28,,Aggregated,63.900000,0.000000,300,400,410,480,500,590,600,710,1200,1400,1400,10243,0,300.0,332.97019345535927,10.401100997114554,1397.9457059904234,10877.153080152299
1714503939,28,,Aggregated,61.600000,0.000000,300,400,410,480,500,590,600,700,1200,1400,1400,10325,0,300.0,332.8698126333391,10.401100997114554,1397.9457059904234,10874.495205811138
1714503940,28,,Aggregated,61.500000,0.000000,300,400,410,480,500,590,600,700,1200,1400,1400,10401,0,300.0,332.65050839287386,10.401100997114554,1397.9457059904234,10878.180174983174
1714503941,28,,Aggregated,62.900000,0.000000,300,400,410,480,500,590,600,700,1200,1400,1400,10474,0,300.0,332.8633733573891,10.401100997114554,1397.9457059904234,10875.632232194004
1714503942,28,,Aggregated,62.900000,0.000000,300,400,410,480,500,590,600,700,1200,1400,1400,10530,0,300.0,332.8098923897704,10.401100997114554,1397.9457059904234,10876.082051282052
1714503943,28,,Aggregated,63.400000,0.000000,300,400,410,480,500,590,600,790,1200,1400,1400,10586,0,300.0,333.76298341037653,10.401100997114554,1397.9457059904234,10876.100793500851
1714503944,28,,Aggregated,61.600000,0.000000,300,400,410,490,500,590,600,790,1200,1400,1400,10671,0,300.0,333.9389703119952,10.401100997114554,1397.9457059904234,10875.822322181613
1714503945,28,,Aggregated,64.700000,0.000000,300,400,410,480,500,590,600,790,1200,1400,1400,10741,0,300.0,333.5843381526253,10.401100997114554,1397.9457059904234,10875.634112280048
1714503946,28,,Aggregated,66.700000,0.000000,300,400,410,490,500,590,600,790,1200,1400,1400,10817,0,300.0,333.6047004780839,10.401100997114554,1397.9457059904234,10877.225016178238
1714503947,28,,Aggregated,68.700000,0.000000,300,400,410,480,500,590,600,790,1200,1400,1400,10900,0,300.0,333.418711973898,10.401100997114554,1397.9457059904234,10872.849541284404
1714503948,28,,Aggregated,69.500000,0.000000,300,400,410,480,500,590,600,780,1200,1400,1400,10969,0,300.0,333.3791327177942,10.401100997114554,1397.9457059904234,10871.201750387456
1714503949,28,,Aggregated,73.300000,0.000000,300,400,410,490,500,590,600,780,1200,1400,1400,11051,0,300.0,333.52817242390097,10.401100997114554,1397.9457059904234,10873.082978915936
1714503950,28,,Aggregated,72.800000,0.000000,300,400,410,490,500,590,600,770,1200,1400,1400,11118,0,300.0,333.695659412446,10.401100997114554,1397.9457059904234,10877.708760568448
1714503951,28,,Aggregated,72.400000,0.000000,300,400,410,490,500,590,600,710,1200,1400,1400,11202,0,300.0,333.8364454852282,10.401100997114554,1397.9457059904234,10872.101589001964
1714503952,28,,Aggregated,72.400000,0.000000,300,400,410,490,500,590,600,710,1200,1400,1400,11240,0,300.0,333.86314313474685,10.401100997114554,1397.9457059904234,10876.279181494661
1714503953,28,,Aggregated,72.300000,0.000000,300,400,410,490,500,590,610,810,1200,1400,1400,11292,0,300.0,335.1874632542097,10.401100997114554,1397.9457059904234,10877.005490612823
1714503954,28,,Aggregated,71.000000,0.000000,300,400,410,490,500,590,610,810,1200,1400,1400,11374,0,300.0,335.204674412123,10.401100997114554,1397.9457059904234,10874.25857218217
1714503955,28,,Aggregated,70.600000,0.000000,300,400,410,490,500,590,610,810,1200,1400,1400,11453,0,300.0,335.0918046967054,10.401100997114554,1397.9457059904234,10874.807735964376
1714503956,28,,Aggregated,70.800000,0.000000,300,400,410,490,500,590,610,810,1200,1400,1400,11529,1,300.0,335.1066368590001,10.401100997114554,1397.9457059904234,10876.902246508804
1714503957,28,,Aggregated,70.600000,0.000000,300,400,410,490,500,590,610,800,1200,1400,1400,11604,1,300.0,334.66846123650015,10.401100997114554,1397.9457059904234,10875.336004825922
1714503958,28,,Aggregated,71.600000,0.100000,300,400,410,490,500,590,610,800,1200,1400,1400,11688,1,300.0,334.58567922265826,10.401100997114554,1397.9457059904234,10873.604123887748
1714503959,28,,Aggregated,70.400000,0.100000,300,400,410,490,500,590,610,800,1200,1400,1400,11766,1,300.0,334.51080571820836,10.401100997114554,1397.9457059904234,10875.595614482407
1714503960,28,,Aggregated,70.800000,0.100000,300,400,410,490,500,590,610,800,1200,1400,1400,11840,1,300.0,334.454455728922,10.401100997114554,1397.9457059904234,10875.599493243244
1714503961,28,,Aggregated,71.300000,0.100000,300,400,410,490,500,590,610,800,1200,1400,1400,11919,1,300.0,334.45089541047497,10.401100997114554,1397.9457059904234,10876.513717593758
1714503962,28,,Aggregated,72.100000,0.100000,300,400,410,490,500,590,610,800,1200,1400,1400,12003,1,300.0,334.5585589888848,10.401100997114554,1397.9457059904234,10873.13679913355
1714503963,28,,Aggregated,71.900000,0.100000,300,400,410,490,500,590,610,800,1200,1400,1400,12080,1,300.0,334.18553814019293,10.401100997114554,1397.9457059904234,10876.035678807946
1714503964,28,,Aggregated,75.300000,0.100000,300,400,410,490,500,590,600,800,1200,1400,1400,12153,1,300.0,334.1103166408818,10.401100997114554,1397.9457059904234,10877.712663539867
1714503965,28,,Aggregated,78.500000,0.100000,300,400,410,490,500,590,600,800,1200,1400,1400,12229,1,300.0,333.9477938425526,10.401100997114554,1397.9457059904234,10876.49717883719
1714503966,28,,Aggregated,77.600000,0.100000,300,400,410,490,500,590,610,800,1200,1400,1400,12297,1,300.0,334.1132594611346,10.401100997114554,1397.9457059904234,10876.088232902333
1714503967,28,,Aggregated,78.000000,0.100000,300,400,410,490,500,590,610,800,1200,1400,1400,12372,1,300.0,334.0812206925026,10.401100997114554,1397.9457059904234,10873.86954413191
1714503968,28,,Aggregated,76.900000,0.000000,300,400,410,490,500,590,610,800,1200,1400,1400,12446,1,300.0,334.0543682113588,10.401100997114554,1397.9457059904234,10874.266270287642
1714503969,28,,Aggregated,76.900000,0.000000,300,400,410,490,500,590,610,800,1200,1400,1400,12491,1,300.0,334.17183892414835,10.401100997114554,1397.9457059904234,10874.391401809302
1714503970,28,,Aggregated,76.600000,0.000000,300,400,410,490,500,590,610,890,1200,1400,1400,12546,1,300.0,335.626936292409,10.401100997114554,1397.9457059904234,10873.032281205165
1714503971,28,,Aggregated,73.800000,0.000000,300,400,410,490,500,590,610,890,1200,1400,1400,12623,1,300.0,335.6719575146591,10.401100997114554,1397.9457059904234,10875.458528083656
