Timestamp,User Count,Type,Name,Requests/s,Failures/s,50%,66%,75%,80%,90%,95%,98%,99%,99.9%,99.99%,100%,Total Request Count,Total Failure Count,Total Median Response Time,Total Average Response Time,Total Min Response Time,Total Max Response Time,Total Average Content Size
1702828928,0,,Aggregated,0.000000,0.000000,N/A,N/A,N/A,N/A,N/A,N/A,N/A,N/A,N/A,N/A,N/A,0,0,0,0.0,0,0,0
1702828929,10,,Aggregated,0.000000,0.000000,5,7,9,12,49,63,68,70,78,78,78,210,0,5,12.24560423870571,1.1749460245482624,78.44674299121834,7719.028571428571
1702828930,20,,Aggregated,0.000000,0.000000,5,7,8,9,59,69,79,82,86,86,86,630,0,5,12.53435575968719,1.093945000320673,85.96692400169559,7964.414285714286
1702828931,30,,Aggregated,210.000000,0.000000,5,7,8,9,64,78,85,88,98,98,98,1260,0,5,13.8159201014094,1.093945000320673,98.36577399983071,7919.500793650794
1702828932,40,,Aggregated,315.000000,0.000000,5,7,8,10,63,76,84,87,98,98,98,1930,0,5,13.75877944744431,1.093945000320673,98.36577399983071,7744.274093264249
1702828933,42,,Aggregated,408.000000,0.000000,5,7,8,10,66,78,85,88,97,98,98,2588,0,5,14.945988306216373,1.093945000320673,98.36577399983071,7653.743817619784
1702828934,42,,Aggregated,468.750000,0.000000,5,7,8,10,68,79,88,91,170,170,170,3216,0,5,15.507436321429815,1.093945000320673,172.56118700606748,7626.64210199005
1702828935,42,,Aggregated,505.000000,0.000000,5,7,9,10,70,81,88,92,170,170,170,3845,0,5,15.997669988227656,1.093945000320673,172.56118700606748,7575.301430429129
1702828936,42,,Aggregated,525.833333,0.000000,5,7,9,10,70,81,88,92,160,170,170,4507,0,5,16.064303172077068,1.093945000320673,172.56118700606748,7529.019081428888
1702828937,42,,Aggregated,542.428571,0.000000,5,7,9,10,71,81,88,93,160,170,170,5123,0,5,16.387780312363162,1.093945000320673,172.56118700606748,7518.124536404451
1702828938,42,,Aggregated,553.750000,0.000000,5,7,9,11,73,82,90,95,170,180,180,5747,0,5,16.966880796929246,1.093945000320673,184.54412897699513,7542.072385592483
1702828939,42,,Aggregated,563.222222,0.000000,5,7,9,10,72,82,89,94,170,180,180,6396,0,5,16.75039195292018,1.093945000320673,184.54412897699513,7494.083646028768
1702828940,42,,Aggregated,568.400000,0.000000,5,7,9,11,73,83,91,99,180,180,180,6992,0,5,17.272714442378753,1.093945000320673,184.54412897699513,7472.818363844393
1702828941,42,,Aggregated,612.700000,0.000000,5,7,9,10,73,83,91,100,180,200,200,7655,0,5,17.2889754841783,1.093945000320673,196.242275997065,7512.253298497714
1702828942,42,,Aggregated,628.800000,0.000000,5,7,9,10,72,83,91,100,180,200,200,8288,0,5,16.9917921393614,1.093945000320673,196.242275997065,7491.86763996139
1702828943,42,,Aggregated,637.700000,0.000000,5,7,9,10,73,84,93,150,180,200,200,8911,0,5,17.48561864268693,1.093945000320673,196.242275997065,7521.117719672315
1702828944,42,,Aggregated,636.800000,0.000000,5,7,9,10,73,84,93,150,180,200,200,9558,0,5,17.54668606674723,1.093945000320673,196.242275997065,7516.1773383553045
1702828945,42,,Aggregated,632.500000,0.000000,5,7,9,10,72,83,92,110,180,180,200,10226,0,5,17.22208875319764,1.093945000320673,196.242275997065,7503.18883238803
1702828946,42,,Aggregated,633.900000,0.000000,5,7,9,10,73,84,93,150,180,180,200,10879,0,5,17.447369146852896,1.093945000320673,196.242275997065,7508.940527622024
1702828947,42,,Aggregated,636.200000,0.000000,5,7,9,10,73,83,93,150,180,180,200,11486,0,5,17.33616903345835,1.093945000320673,196.242275997065,7508.023158627895
1702828948,42,,Aggregated,637.800000,0.000000,5,7,9,11,73,85,95,160,180,200,200,12121,0,5,17.74514623706659,1.093945000320673,203.69930900051259,7499.718917581058
1702828949,42,,Aggregated,635.400000,0.000000,5,7,9,10,73,84,94,160,180,200,200,12739,0,5,17.528906572070586,1.093945000320673,203.69930900051259,7545.373812701154
1702828950,42,,Aggregated,636.200000,0.000000,5,7,9,11,74,85,95,160,180,200,200,13354,0,5,17.89988915808945,1.093945000320673,203.69930900051259,7531.740527182867
1702828951,42,,Aggregated,634.900000,0.000000,5,7,9,11,74,85,95,160,180,200,200,13983,0,5,17.84458149282407,1.093945000320673,203.69930900051259,7546.555889294143
1702828952,42,,Aggregated,639.100000,0.000000,5,7,9,11,74,85,95,160,180,200,200,14639,0,5,17.89516313771943,1.093945000320673,203.69930900051259,7576.839538219824
1702828953,42,,Aggregated,632.700000,0.000000,5,7,9,11,73,84,94,160,180,200,200,15304,0,5,17.714139716744754,1.093945000320673,203.69930900051259,7553.22366701516
1702828954,42,,Aggregated,632.800000,0.000000,5,7,9,11,74,84,95,160,180,200,200,15917,0,5,17.827017965522263,1.093945000320673,203.69930900051259,7558.042030533392
1702828955,42,,Aggregated,639.400000,0.000000,5,7,9,11,74,85,96,160,180,200,200,16555,0,5,18.032695842042315,1.093945000320673,203.69930900051259,7551.091754756871
1702828956,42,,Aggregated,637.600000,0.000000,5,7,9,11,74,85,95,160,180,200,200,17188,0,5,17.93408172712406,1.093945000320673,203.69930900051259,7553.427798464045
1702828957,42,,Aggregated,628.600000,0.000000,5,7,9,11,74,86,96,160,180,200,200,17760,0,5,18.180411593188968,1.093945000320673,203.69930900051259,7556.29481981982
1702828958,42,,Aggregated,629.100000,0.000000,5,7,9,11,75,86,96,160,180,200,200,18390,0,5,18.2957556382727,1.093945000320673,203.69930900051259,7558.521315932572
1702828959,42,,Aggregated,628.200000,0.000000,5,7,9,11,75,85,96,160,180,200,200,19030,0,5,18.255837035119605,1.093945000320673,203.69930900051259,7574.924697845507
1702828960,42,,Aggregated,626.400000,0.000000,5,7,9,11,75,86,96,160,180,200,200,19616,0,5,18.357800419373834,1.093945000320673,203.69930900051259,7575.8179037520395
1702828961,42,,Aggregated,626.700000,0.000000,5,7,9,11,75,86,97,160,180,200,200,20262,0,5,18.477488208578613,1.093945000320673,203.69930900051259,7589.415901687888
1702828962,42,,Aggregated,624.000000,0.000000,5,7,9,11,74,86,96,160,180,200,200,20977,0,5,18.17215546028394,1.093945000320673,203.69930900051259,7596.28493111503
1702828963,42,,Aggregated,623.900000,0.000000,5,7,9,11,74,85,96,160,180,200,200,21609,0,5,18.119808768548104,1.093945000320673,203.69930900051259,7610.334860474803
1702828964,42,,Aggregated,630.200000,0.000000,5,7,9,11,75,86,97,160,190,200,200,22225,0,5,18.368394963262045,1.093945000320673,203.69930900051259,7618.232755905512
1702828965,42,,Aggregated,627.700000,0.000000,5,7,9,11,75,86,97,160,190,200,200,22823,0,5,18.340410855847566,1.093945000320673,203.69930900051259,7611.02344126539
1702828966,42,,Aggregated,622.800000,0.000000,5,7,9,11,75,86,97,160,190,200,200,23476,0,5,18.379007560474435,1.093945000320673,203.69930900051259,7625.8338302947695
1702828967,42,,Aggregated,627.800000,0.000000,5,7,9,11,75,86,96,160,190,200,200,24108,0,5,18.32470370509733,1.093945000320673,203.69930900051259,7630.399991703998
1702828968,42,,Aggregated,627.000000,0.000000,5,7,9,11,75,86,97,160,190,200,200,24696,0,5,18.48963553190978,1.093945000320673,203.69930900051259,7631.465581470684
1702828969,42,,Aggregated,629.700000,0.000000,5,7,9,11,75,86,98,160,190,200,200,25319,0,5,18.618766140377208,1.093945000320673,203.69930900051259,7625.010189975907
1702828970,42,,Aggregated,626.900000,0.000000,5,7,9,11,75,86,98,160,190,200,200,25980,0,5,18.494389266898118,1.093945000320673,203.69930900051259,7630.8394919168595
1702828971,42,,Aggregated,625.000000,0.000000,5,7,9,11,75,86,98,160,190,200,200,26538,0,5,18.547023317921656,1.093945000320673,203.69930900051259,7648.026452633959
1702828972,42,,Aggregated,628.900000,0.000000,5,7,9,11,75,86,99,170,190,200,200,27204,0,5,18.706711969267353,1.093945000320673,203.69930900051259,7647.202029113366
1702828973,42,,Aggregated,626.900000,0.000000,5,7,9,11,75,86,98,170,190,200,200,27769,0,5,18.611322334371067,1.093945000320673,203.69930900051259,7645.018401814974
1702828974,42,,Aggregated,619.300000,0.000000,5,7,9,11,75,87,100,170,190,270,290,28428,0,5,18.794931189140573,1.093945000320673,289.96881400235,7645.456908681582
1702828975,42,,Aggregated,613.200000,0.000000,5,7,9,11,75,86,99,170,190,270,290,29055,0,5,18.62141452714276,1.047085999744013,289.96881400235,7658.1042161418
1702828976,42,,Aggregated,620.900000,0.000000,5,7,9,11,75,87,100,170,190,280,290,29625,1,5,18.893019545381254,1.047085999744013,290.10301901143976,7671.006413502109
1702828977,42,,Aggregated,622.900000,0.000000,5,7,9,11,75,87,100,170,190,270,290,30228,1,5,18.8775385114856,1.047085999744013,290.10301901143976,7670.737660447267
1702828978,42,,Aggregated,613.600000,0.100000,5,7,9,11,75,87,100,170,190,270,290,30893,1,5,18.795931790608716,1.047085999744013,290.10301901143976,7670.10885961221
1702828979,42,,Aggregated,612.800000,0.100000,5,7,9,11,76,87,110,170,190,270,290,31488,1,5,18.917737067436693,1.047085999744013,290.10301901143976,7675.647961128048
1702828980,42,,Aggregated,619.900000,0.100000,5,7,9,11,76,87,110,170,190,270,290,32049,1,5,18.95894481881743,1.047085999744013,290.10301901143976,7675.217729102312
1702828981,42,,Aggregated,616.700000,0.100000,5,7,9,11,76,87,120,170,190,270,290,32641,1,5,19.1510051338677,1.047085999744013,290.10301901143976,7669.502925768205
1702828982,42,,Aggregated,612.300000,0.100000,5,7,9,11,76,87,110,170,190,270,290,33259,1,5,19.160252099001845,1.047085999744013,290.10301901143976,7663.570883069245
1702828983,42,,Aggregated,608.400000,0.100000,5,7,9,11,76,87,110,170,190,270,290,33879,1,5,19.137079613179708,1.047085999744013,290.10301901143976,7664.825496620325
1702828984,42,,Aggregated,606.900000,0.100000,5,7,9,11,76,87,140,170,190,270,290,34420,1,5,19.280470275578647,1.047085999744013,290.10301901143976,7661.2273387565365
1702828985,42,,Aggregated,609.800000,0.100000,5,7,9,12,76,88,150,170,190,270,290,35038,1,5,19.35437250909479,1.047085999744013,290.10301901143976,7667.085878189394
1702828986,42,,Aggregated,599.700000,0.100000,5,7,9,12,76,88,140,170,190,270,290,35653,1,5,19.361871722603073,1.047085999744013,290.10301901143976,7664.291392028721
1702828987,42,,Aggregated,595.900000,0.100000,5,8,9,12,76,88,150,170,190,270,290,36241,1,5,19.424627357796147,1.047085999744013,290.10301901143976,7659.400126928065
1702828988,42,,Aggregated,602.100000,0.000000,5,8,9,12,76,88,150,170,190,270,290,36859,1,5,19.445336246888054,1.047085999744013,290.10301901143976,7666.472991670962
1702828989,42,,Aggregated,601.500000,0.000000,5,8,9,12,76,88,150,170,190,270,290,37497,1,5,19.451407119609694,1.047085999744013,290.10301901143976,7661.987679014321
1702828990,42,,Aggregated,595.700000,0.000000,5,8,9,12,76,88,150,170,190,270,290,38111,1,5,19.456160016109948,1.047085999744013,290.10301901143976,7669.943297210779
1702828991,42,,Aggregated,599.100000,0.000000,5,8,9,12,77,88,150,170,190,270,290,38665,1,5,19.522495636795732,1.047085999744013,290.10301901143976,7678.640087934825
1702828992,42,,Aggregated,600.400000,0.000000,5,8,9,12,77,88,150,170,190,270,290,39267,1,5,19.564722658613654,1.047085999744013,290.10301901143976,7677.884686887208
1702828993,42,,Aggregated,605.100000,0.000000,5,8,9,12,77,88,150,170,190,270,290,39861,1,5,19.67120652315284,1.047085999744013,290.10301901143976,7670.818419006046
1702828994,42,,Aggregated,602.000000,0.000000,5,8,9,12,77,88,150,170,190,270,290,40467,1,5,19.704933422643993,1.047085999744013,290.10301901143976,7663.467862702943
1702828995,42,,Aggregated,596.600000,0.000000,5,8,9,12,77,88,150,170,190,270,290,41078,1,5,19.67532533195217,1.047085999744013,290.10301901143976,7654.508885534836
1702828996,42,,Aggregated,605.100000,0.000000,5,8,9,12,77,88,150,170,190,270,290,41676,1,5,19.751705556633432,1.047085999744013,290.10301901143976,7661.880554755735
1702828997,42,,Aggregated,604.200000,0.000000,5,8,9,12,77,88,150,170,190,270,290,42249,1,5,19.82467640218623,1.047085999744013,290.10301901143976,7656.99772775687
1702828998,42,,Aggregated,602.200000,0.000000,6,8,10,12,77,88,150,170,190,270,290,42821,1,6,19.91385180368671,1.047085999744013,290.10301901143976,7655.1520282104575
1702828999,42,,Aggregated,597.500000,0.000000,6,8,10,12,77,88,150,170,190,270,290,43503,1,6,19.838053007538413,1.047085999744013,290.10301901143976,7652.3074500609155
1702829000,42,,Aggregated,593.300000,0.000000,6,8,10,12,77,88,150,170,190,270,290,44156,1,6,19.73793985741533,1.047085999744013,290.10301901143976,7640.101186701694
1702829001,42,,Aggregated,601.100000,0.000000,6,8,10,12,77,88,150,170,190,280,290,44733,1,6,19.82481925697148,1.047085999744013,290.10301901143976,7638.627053852861
1702829002,42,,Aggregated,607.900000,0.000000,6,8,10,12,77,88,150,170,190,280,290,45348,1,6,19.829355548917814,1.047085999744013,290.10301901143976,7639.503109288172
1702829003,42,,Aggregated,603.200000,0.000000,6,8,10,12,77,89,150,170,190,280,290,45899,1,6,19.86614524958701,1.047085999744013,290.10301901143976,7641.854550208065
1702829004,42,,Aggregated,609.500000,0.000000,6,8,10,12,77,89,150,170,190,280,290,46567,1,6,19.915098139857147,1.047085999744013,290.10301901143976,7640.173449008955
1702829005,42,,Aggregated,610.100000,0.000000,6,8,10,12,77,88,150,170,190,280,290,47225,1,6,19.83212713741519,1.047085999744013,290.10301901143976,7642.128808893594
1702829006,42,,Aggregated,607.700000,0.000000,6,8,10,12,77,88,150,170,190,280,290,47818,1,6,19.866731420421644,1.047085999744013,290.10301901143976,7647.413568112426
1702829007,42,,Aggregated,613.400000,0.000000,6,8,10,12,77,89,150,170,190,280,290,48396,1,6,19.939954447657044,1.047085999744013,290.10301901143976,7644.995681461278
1702829008,42,,Aggregated,614.400000,0.000000,6,8,10,12,77,89,150,170,190,280,290,49001,1,6,19.94560372273643,1.047085999744013,290.10301901143976,7652.616273137283
1702829009,42,,Aggregated,616.100000,0.000000,6,8,10,12,77,89,150,170,190,280,290,49648,1,6,19.919747302582277,1.047085999744013,290.10301901143976,7650.983524009023
1702829010,42,,Aggregated,622.000000,0.000000,6,8,10,12,77,89,150,170,190,280,290,50265,1,6,19.93848739885738,1.047085999744013,290.10301901143976,7649.2209887595745
1702829011,42,,Aggregated,615.600000,0.000000,6,8,10,12,77,89,150,170,190,280,290,50837,1,6,20.032498827228885,1.047085999744013,290.10301901143976,7641.1027204595075
1702829012,42,,Aggregated,607.900000,0.000000,6,8,10,12,77,89,150,170,190,280,290,51420,1,6,20.003347026330978,1.047085999744013,290.10301901143976,7638.238331388565
1702829013,42,,Aggregated,609.700000,0.000000,6,8,10,12,77,89,150,170,190,280,290,51974,1,6,20.091224573086066,1.047085999744013,294.5847259834409,7634.297975911032
1702829014,42,,Aggregated,605.400000,0.000000,6,8,10,12,78,89,150,170,190,280,290,52567,1,6,20.165514949957338,1.047085999744013,294.5847259834409,7629.743622424715
1702829015,42,,Aggregated,605.600000,0.000000,6,8,10,12,77,89,150,170,190,280,290,53224,1,6,20.123496246303283,1.047085999744013,294.5847259834409,7629.92593566812
1702829016,42,,Aggregated,600.000000,0.000000,6,8,10,12,78,89,150,170,190,280,290,53799,1,6,20.152504265890045,1.047085999744013,294.5847259834409,7631.362999312255
1702829017,42,,Aggregated,600.600000,0.000000,6,8,10,12,78,89,160,170,190,280,290,54393,1,6,20.192507863660587,1.047085999744013,294.5847259834409,7632.175978526649
1702829018,42,,Aggregated,598.700000,0.000000,6,8,10,12,78,89,150,170,190,280,290,55011,1,6,20.199580376961514,1.047085999744013,294.5847259834409,7643.622675464907
1702829019,42,,Aggregated,600.200000,0.000000,6,8,10,12,78,89,150,170,190,280,290,55637,1,6,20.22304228781504,1.047085999744013,294.5847259834409,7644.480902996208
1702829020,42,,Aggregated,596.000000,0.000000,6,8,10,12,78,89,150,170,190,280,290,56250,1,6,20.186201222309222,1.047085999744013,294.5847259834409,7644.919537777778
1702829021,42,,Aggregated,596.100000,0.000000,6,8,10,12,78,89,150,170,190,280,290,56897,1,6,20.17336089783606,1.047085999744013,294.5847259834409,7645.347452414011
1702829022,42,,Aggregated,601.700000,0.000000,6,8,10,12,78,89,150,170,190,280,290,57512,1,6,20.208619727762976,1.047085999744013,294.5847259834409,7644.301589233552
1702829023,42,,Aggregated,608.000000,0.000000,6,8,10,12,78,89,150,170,190,280,290,58102,1,6,20.191679796050284,1.047085999744013,294.5847259834409,7647.748046538845
1702829024,42,,Aggregated,606.100000,0.000000,6,8,10,12,78,89,150,170,190,280,290,58782,1,6,20.19803554054317,1.0362079774495214,294.5847259834409,7641.742472185363
1702829025,42,,Aggregated,611.800000,0.000000,6,8,10,12,78,89,150,170,190,280,290,59382,1,6,20.141843358126202,1.0362079774495214,294.5847259834409,7644.26034825368
1702829026,42,,Aggregated,620.400000,0.000000,6,8,10,12,78,89,150,170,190,280,290,60003,1,6,20.22545785716112,1.0362079774495214,294.5847259834409,7649.966085029082
1702829027,42,,Aggregated,616.600000,0.000000,6,8,10,12,78,89,150,170,190,280,290,60609,1,6,20.184487423777238,1.0362079774495214,294.5847259834409,7657.512960121434
1702829028,42,,Aggregated,618.000000,0.000000,6,8,10,12,78,89,150,170,190,280,290,61216,1,6,20.21994710013516,1.0362079774495214,294.5847259834409,7656.881730266597
1702829029,42,,Aggregated,617.500000,0.000000,6,8,10,12,78,89,150,170,190,280,290,61811,1,6,20.258994284810946,1.0362079774495214,294.5847259834409,7660.980132986038
1702829030,42,,Aggregated,620.300000,0.000000,6,8,10,12,78,89,150,170,190,280,290,62398,1,6,20.254766825030984,1.0362079774495214,294.5847259834409,7659.994006218148
1702829031,42,,Aggregated,615.300000,0.000000,6,8,10,12,78,89,150,170,190,280,290,63007,1,6,20.314125812265267,1.0362079774495214,294.5847259834409,7659.884330312505
1702829032,42,,Aggregated,610.100000,0.000000,6,8,10,12,78,89,150,170,190,280,290,63642,1,6,20.2676369518518,1.0362079774495214,294.5847259834409,7656.629961346281
1702829033,42,,Aggregated,607.100000,0.000000,6,8,10,12,78,89,150,170,190,280,290,64259,1,6,20.281978854018494,1.0362079774495214,294.5847259834409,7658.012480741997
1702829034,42,,Aggregated,612.600000,0.000000,6,8,10,12,78,89,150,170,190,280,290,64893,1,6,20.257720570257153,1.0362079774495214,294.5847259834409,7658.275746228407
1702829035,42,,Aggregated,609.800000,0.000000,6,8,10,12,78,89,150,170,190,280,290,65526,1,6,20.263161617902092,1.0362079774495214,294.5847259834409,7654.976238439704
1702829036,42,,Aggregated,608.700000,0.000000,6,8,10,12,78,89,150,170,190,280,290,66170,1,6,20.205839572233455,1.0362079774495214,294.5847259834409,7657.259634275351
1702829037,42,,Aggregated,608.800000,0.000000,6,8,10,12,78,89,150,170,190,280,290,66759,1,6,20.248586954023754,1.0362079774495214,294.5847259834409,7651.351248520798
1702829038,42,,Aggregated,614.500000,0.000000,6,8,10,12,78,89,150,170,190,280,290,67344,1,6,20.29255258884184,1.0362079774495214,294.5847259834409,7652.033113566168
1702829039,42,,Aggregated,614.600000,0.000000,6,8,10,12,78,89,150,170,190,280,290,67945,1,6,20.291746959603355,1.0362079774495214,294.5847259834409,7651.188991095739
1702829040,42,,Aggregated,612.600000,0.000000,6,8,10,12,78,89,150,170,190,280,290,68581,1,6,20.311225682638295,1.0362079774495214,294.5847259834409,7646.28152112101
1702829041,42,,Aggregated,614.000000,0.000000,6,8,10,12,78,89,150,170,190,280,290,69147,1,6,20.30708170140319,1.0362079774495214,294.5847259834409,7647.875670672625
1702829042,42,,Aggregated,615.000000,0.000000,6,8,10,12,78,89,160,170,190,280,290,69751,1,6,20.39884978550206,1.0362079774495214,294.5847259834409,7652.243795787874
1702829043,42,,Aggregated,613.600000,0.000000,6,8,10,12,78,89,160,170,190,280,290,70382,1,6,20.326456321426928,1.0362079774495214,294.5847259834409,7654.125657128243
1702829044,42,,Aggregated,606.700000,0.000000,6,8,10,12,78,89,160,170,190,280,290,70965,1,6,20.367626956148627,1.0362079774495214,294.5847259834409,7655.400084548721
1702829045,42,,Aggregated,610.800000,0.000000,6,8,10,13,78,90,160,170,190,280,290,71528,1,6,20.451920746825003,1.0362079774495214,294.5847259834409,7654.031819706968
1702829046,42,,Aggregated,607.100000,0.000000,6,8,10,13,78,90,160,170,190,280,290,72068,1,6,20.444243771947598,1.0362079774495214,294.5847259834409,7651.902036965089
1702829047,42,,Aggregated,598.000000,0.000000,6,8,10,13,78,90,160,170,190,280,290,72745,1,6,20.472858273461657,1.0362079774495214,294.5847259834409,7654.504378307787
1702829048,42,,Aggregated,593.500000,0.000000,6,8,10,13,78,90,160,170,190,280,290,73342,1,6,20.450404582119454,1.0362079774495214,294.5847259834409,7655.80646832647
1702829049,42,,Aggregated,594.700000,0.000000,6,8,10,13,78,90,160,170,190,280,290,73983,1,6,20.447280428713604,1.0362079774495214,294.5847259834409,7656.79427706365
1702829050,42,,Aggregated,599.600000,0.000000,6,8,10,13,78,89,160,170,190,280,290,74628,1,6,20.40205380317876,1.0362079774495214,294.5847259834409,7654.698839577639
1702829051,42,,Aggregated,600.100000,0.000000,6,8,10,13,78,89,160,170,190,280,290,75187,1,6,20.43684742266573,1.0362079774495214,294.5847259834409,7654.570683761821
1702829052,42,,Aggregated,604.600000,0.000000,6,8,10,13,78,89,160,170,190,280,290,75819,1,6,20.44794797590571,1.0362079774495214,294.5847259834409,7656.373402445297
1702829053,42,,Aggregated,603.700000,0.000000,6,8,10,13,78,90,160,170,190,280,290,76386,1,6,20.464625522638233,1.0362079774495214,294.5847259834409,7654.844303930039
1702829054,42,,Aggregated,608.000000,0.000000,6,8,10,13,78,89,160,170,190,280,290,77081,1,6,20.449559067648575,1.0362079774495214,294.5847259834409,7656.574214138374
1702829055,42,,Aggregated,603.500000,0.000000,6,8,10,13,78,89,160,170,190,280,290,77725,1,6,20.36779749799535,1.0362079774495214,294.5847259834409,7655.945860405275
1702829056,42,,Aggregated,609.900000,0.000000,6,8,10,13,78,90,160,170,200,280,360,78260,1,6,20.48424056720841,1.0362079774495214,362.1629990229849,7655.443483260925
1702829057,42,,Aggregated,621.900000,0.000000,6,8,10,13,78,90,160,170,200,290,360,78866,1,6,20.480239486086433,1.0362079774495214,362.1629990229849,7655.84862932062
1702829058,42,,Aggregated,615.700000,0.000000,6,8,10,13,78,90,160,170,200,290,360,79506,1,6,20.4737507608819,1.0362079774495214,362.1629990229849,7654.633310693533
1702829059,42,,Aggregated,610.700000,0.000000,6,8,10,13,78,90,160,170,200,290,360,80108,1,6,20.457509251057147,1.0362079774495214,362.1629990229849,7653.174389574075
1702829060,42,,Aggregated,610.200000,0.000000,6,8,10,13,78,90,160,170,200,290,360,80733,1,6,20.486841441693553,1.0362079774495214,362.1629990229849,7654.117919562013
1702829061,42,,Aggregated,615.100000,0.000000,6,8,10,13,78,90,160,170,200,290,360,81362,1,6,20.445841052299965,1.0362079774495214,362.1629990229849,7657.041936038937
1702829062,42,,Aggregated,606.300000,0.000000,6,8,10,13,78,90,160,170,200,290,360,81919,1,6,20.494972607580543,1.0362079774495214,362.1629990229849,7658.964831113661
1702829063,42,,Aggregated,615.700000,0.000000,6,8,10,13,78,90,160,170,200,290,360,82510,1,6,20.539500606045447,1.0362079774495214,362.1629990229849,7656.014071021695
1702829064,42,,Aggregated,609.400000,0.000000,6,8,10,13,78,90,160,170,200,290,360,83157,1,6,20.496489888714557,1.0362079774495214,362.1629990229849,7657.436920523828
1702829065,42,,Aggregated,610.900000,0.000000,6,8,10,13,78,90,160,170,200,290,360,83785,1,6,20.48583038034425,1.0362079774495214,362.1629990229849,7656.010300173062
1702829066,42,,Aggregated,607.400000,0.000000,6,8,10,13,78,90,160,170,200,290,360,84440,1,6,20.45853135014367,1.0362079774495214,362.1629990229849,7654.297074846045
1702829067,42,,Aggregated,605.700000,0.000000,6,8,10,13,78,90,160,170,200,290,360,85013,1,6,20.465324100529735,1.0362079774495214,362.1629990229849,7653.008410478397
1702829068,42,,Aggregated,616.100000,0.000000,6,8,10,13,78,90,160,170,200,290,360,85640,1,6,20.503322085336794,1.0362079774495214,362.1629990229849,7651.803047641289
1702829069,42,,Aggregated,618.800000,0.000000,6,8,10,13,78,90,160,170,200,290,360,86221,1,6,20.499571651653454,1.0362079774495214,362.1629990229849,7651.842857308544
1702829070,42,,Aggregated,616.900000,0.000000,6,8,10,13,78,90,160,170,200,290,360,86810,1,6,20.51213834694781,1.0362079774495214,362.1629990229849,7650.50443497293
1702829071,42,,Aggregated,605.900000,0.000000,6,8,10,13,78,90,160,170,200,290,360,87415,1,6,20.549804161922065,1.0362079774495214,362.1629990229849,7654.763095578562
1702829072,42,,Aggregated,615.100000,0.000000,6,8,10,13,78,90,160,170,200,290,360,88081,1,6,20.510712318903717,1.0362079774495214,362.1629990229849,7656.56171024398
1702829073,42,,Aggregated,603.800000,0.000000,6,8,10,13,78,90,160,170,200,290,360,88681,1,6,20.48157474564714,1.0362079774495214,362.1629990229849,7657.1502689414865
1702829074,42,,Aggregated,614.900000,0.000000,6,8,10,13,78,90,160,170,200,290,360,89352,1,6,20.487698443885165,1.0362079774495214,362.1629990229849,7659.501343002955
1702829075,42,,Aggregated,617.000000,0.000000,6,8,10,13,78,89,160,170,200,290,360,89972,1,6,20.456748927409244,1.0362079774495214,362.1629990229849,7659.091906370871
1702829076,42,,Aggregated,620.000000,0.000000,6,8,10,13,78,90,160,170,200,280,360,90597,1,6,20.472434868927166,1.0362079774495214,362.1629990229849,7658.338245195757
1702829077,42,,Aggregated,616.200000,0.000000,6,8,10,13,78,90,160,170,200,280,360,91197,1,6,20.49510989526456,1.0362079774495214,362.1629990229849,7659.662642411483
1702829078,42,,Aggregated,615.300000,0.000000,6,8,10,13,78,90,160,170,200,280,360,91789,1,6,20.48626837825306,1.0362079774495214,362.1629990229849,7663.820479578163
1702829079,42,,Aggregated,615.600000,0.000000,6,8,10,13,78,90,160,170,200,280,360,92355,1,6,20.517462276102403,1.0362079774495214,362.1629990229849,7663.468799740133
1702829080,42,,Aggregated,615.400000,0.000000,6,8,10,13,78,90,160,170,200,280,360,92966,1,6,20.520016866374792,1.0362079774495214,362.1629990229849,7660.431405029796
1702829081,42,,Aggregated,620.500000,0.000000,6,8,10,13,78,90,160,170,200,280,360,93569,1,6,20.54547412492048,1.0362079774495214,362.1629990229849,7661.453750708034
1702829082,42,,Aggregated,614.000000,0.000000,6,8,10,13,78,90,160,170,200,280,360,94202,1,6,20.529888383282852,1.0362079774495214,362.1629990229849,7662.645623235176
1702829083,42,,Aggregated,618.700000,0.000000,6,8,10,13,78,90,160,170,200,280,360,94771,1,6,20.521271932355017,1.0362079774495214,362.1629990229849,7660.536187230271
1702829084,42,,Aggregated,615.600000,0.000000,6,8,10,13,78,90,160,170,200,280,360,95394,1,6,20.564667817240075,1.0362079774495214,362.1629990229849,7657.280185336604
1702829085,42,,Aggregated,613.100000,0.000000,6,8,10,13,78,90,160,170,200,280,360,96004,1,6,20.55042671815028,1.0362079774495214,362.1629990229849,7656.705293529436
1702829086,42,,Aggregated,604.200000,0.000000,6,8,10,13,78,90,160,170,200,280,360,96572,1,6,20.58693040426903,1.0362079774495214,362.1629990229849,7655.379975562275
1702829087,42,,Aggregated,605.000000,0.000000,6,8,10,13,78,90,160,170,200,280,360,97155,1,6,20.626616121617456,1.0362079774495214,362.1629990229849,7655.577098450929
1702829088,42,,Aggregated,600.000000,0.000000,6,8,10,13,78,90,160,170,200,280,360,97846,1,6,20.58416100355129,1.0362079774495214,362.1629990229849,7657.9973223228335
1702829089,42,,Aggregated,598.900000,0.000000,6,8,10,13,78,90,160,170,200,280,360,98440,1,6,20.569018044885286,1.0362079774495214,362.1629990229849,7654.20919341731
1702829090,42,,Aggregated,602.100000,0.000000,6,8,10,13,78,90,160,170,200,280,360,99078,1,6,20.60196580876283,1.0362079774495214,362.1629990229849,7654.948464845879
1702829091,42,,Aggregated,603.800000,0.000000,6,8,10,13,78,90,160,170,200,280,360,99733,1,6,20.53688259268908,1.0362079774495214,362.1629990229849,7658.44657234817
1702829092,42,,Aggregated,606.200000,0.000000,6,8,10,13,78,90,160,170,200,280,360,100368,1,6,20.557080842701446,1.0362079774495214,362.1629990229849,7659.375
1702829093,42,,Aggregated,612.000000,0.000000,6,8,10,13,78,90,160,170,200,280,360,100991,1,6,20.528740854290117,1.0362079774495214,362.1629990229849,7660.26998445406
1702829094,42,,Aggregated,609.000000,0.000000,6,8,10,13,78,89,160,170,200,280,360,101638,1,6,20.530327004334925,1.0362079774495214,362.1629990229849,7660.1871248942325
1702829095,42,,Aggregated,613.400000,0.000000,6,8,10,13,78,89,160,170,200,280,360,102319,1,6,20.48302978282523,1.0362079774495214,362.1629990229849,7661.92530224103
1702829096,42,,Aggregated,620.800000,0.000000,6,8,10,13,78,89,160,170,200,280,360,103000,1,6,20.428787904380396,1.0362079774495214,362.1629990229849,7663.769213592233
1702829097,42,,Aggregated,626.500000,0.000000,6,8,10,13,78,89,160,170,200,280,360,103613,1,6,20.424745420953066,1.0362079774495214,362.1629990229849,7661.987974481966
1702829098,42,,Aggregated,635.800000,0.000000,6,8,10,13,78,89,160,170,200,280,360,104267,1,6,20.40470061407347,1.0362079774495214,362.1629990229849,7662.372016074118
